1359
339
315
304
310
303
286
290
293
288
300
327
267
232
227
213
211
219
213
207
217
209
209
301
209
215
213
209
207
231
229
209
212
211
212
208
225
214
209
388
277
236
210
212
209
208
272
208
210
211
211
211
215
448
314
291
284
297
293
225
212
216
211
210
214
213
212
217
215
265
216
210
211
215
213
216
210
210
215
211
210
215
213
211
214
210
214
217
212
211
199
170
218
173
172
171
173
200
177
167
170
181
174
205
179
175
187
179
175
182
182
177
181
178
177
241
180
175
181
180
181
180
177
177
181
183
235
229
177
182
179
175
182
178
175
180
179
177
242
179
174
180
179
174
180
179
178
178
168
169
171
169
225
221
216
219
222
232
195
165
165
230
168
164
169
165
163
167
169
165
169
164
165
168
164
163
165
165
166
164
165
169
165
164
218
172
168
167
163
165
182
216
187
195
194
186
166
166
171
165
167
171
166
166
169
168
170
222
165
171
166
167
171
164
168
169
166
169
171
166
168
169
166
171
169
170
166
315
215
220
230
166
165
175
167
183
164
166
171
166
173
166
167
168
164
166
170
166
170
170
167
166
169
213
166
169
167
170
172
166
168
169
167
167
168
167
169
166
166
168
166
168
169
166
166
167
225
168
167
182
171
166
166
167
169
167
171
165
166
171
166
167
167
166
193
197
200
192
205
238
174
169
169
170
169
169
170
172
171
172
169
167
175
171
170
171
173
170
181
172
168
174
224
185
170
169
172
171
172
170
291
176
170
169
171
171
170
172
168
168
178
171
169
173
168
224
173
172
168
173
171
169
180
175
172
171
169
170
183
298815
14543
3630
5719
4199
5688
5827
8881
10162
26185
23241
12764
11033
9217
17602
10490
6822
16787
10630
19575
1545392
22773
12213
8829
19019
18058
13081
7895
13350
10632
15055
19418
16018
8511
18958
11039
8409
13620
12582
5115
1466565
12201
3435
14486
8845
7878
8341
10660
8881
9446
6094
12034
4019
5287
6324
4250
5890
6839
4286
6956
929109
12361
44105
11863
11421
7616
7475
9404
9106
6167
8214
6765
5730
8314
8449
4445
7724
3935
4748
4944
910641
9323
75984
8905
8006
10693
4877
9070
9077
5929
5101
6412
4364
5629
7054
5126
6767
4288
4313
12384
1700260
6325
39804
7249
4310
7251
11455
8805
5852
17222
12494
5515
5103
5519
6589
5033
6505
5248
6898
4684
896672
7244
35913
8677
6939
5946
7057
8739
6604
6119
4733
8116
6033
6211
8355
3159
6985
2981
5320
5279
1645381
8033
17019
7229
7891
5621
5066
4873
3901
6933
4044
7220
1575
4148
5249
640
934
751
1000
581
907392
10377
7243
4622
7289
8066
10980
7542
7562
7831
7754
8954
8161
7748
8030
10335
4322
21292
4287
6981
1644813
3921
11882
6685
4871
7617
6562
6620
3479
416
284
1535
282
266
2163
1532
522
322
1408
314
884637
22520
9784
8610
7237
7841
2925
6842
7635
5304
8891
9136
10931
10784
5401
7103
6168
7106
6149
5699
1558417
7823
5494
10737
7150
9478
7422
10072
8747
9618
14363
10545
7569
6574
4822
7073
4749
7334
7393
9233
846071
5246
12637
9043
7161
5830
7158
7162
7814
3976
8362
5016
6258
6467
4106
6642
5023
7495
6305
8166
1531108
4746
7651
7007
8197
5046
3586
8417
5074
6415
4660
4979
9667
4028
8665
6925
6398
3993
9691
612
815505
7997
4532
6360
7761
6322
10464
7002
3477
5993
6494
4995
8467
6717
8506
6745
4984
7626
4683
5994
1482782
5823
5407
4529
5201
4852
3704
5790
6492
4958
3990
5616
4044
4400
5774
5660
3136
3879
6316
7663
1466465
3337
7226
4953
4778
2735
6318
2815
4158
3737
2261
5554
8583
2691
7156
8034
6172
4506
8194
5987
1458830
5309
4700
4767
7154
7780
6167
4402
6529
6076
6116
5551
9049
7265
6399
7723
5326
4505
5862
7959
791081
5649
6175
4691
3638
4504
5836
5261
6424
8077
5056
7039
6473
6716
3222
6172
4006
6560
5483
5334
1409007
3033
6095
3965
3543
3981
7981
7157
5805
4723
5158
4632
3570
4318
4773
6257
3528
4988
5575
3312
1423424
1716
5137
4296
5074
7336
5132
6455
5759
6559
3272
6856
4338
3708
3507
6253
3626
4156
2748
5991
1426009
1582
2721
3536
3903
5153
3087
4033
7874
3929
5689
6297
5258
4584
5826
2193
5704
3195
6490
8206
1412259
5996
7666
5549
8488
12850
9739
7711
3959
4773
3236
6106
7985
7325
5791
5637
4113
4982
8532
7859
1387676
9407
5101
4219
6654
4379
6494
5869
5315
4992
3833
7390
4154
5161
4293
6311
5409
5718
4576
5381
1359556
4135
6419
5030
3336
6382
5607
4715
5053
5559
3897
4296
8225
3718
5154
4627
4522
6038
6947
5727
1326618
2876
5647
4732
5468
4817
3968
3339
5184
6069
5542
4196
5245
8939
7184
5415
3108
3317
2304
3939
1287870
5855
3590
5338
4866
5160
2479
6443
4808
3425
2656
4051
3817
3465
4182
8908
323
1915
2523
5460
1255008
1285
4673
2603
3569
2765
3859
3200
4162
2859
4084
4804
4802
6256
4093
5560
3278
3422
4496
15719
1253140
2170
5028
3541
7314
2768
4401
3413
3075
2994
4031
2643
3792
4678
2785
6392
4652
5435
4119
4758
1201087
1415
4751
4065
5500
5588
6505
6055
4725
6165
8394
4356
4524
2985
5323
5885
7270
4743
2281
4396
1186820
2747
4524
5371
4149
6304
3750
5244
4150
3459
4546
7291
2430
5289
4067
5296
4778
3150
2379
4782
1693753
1768
4924
3091
3278
3547
4573
4262
5710
5757
3070
3801
4241
2612
6676
1171
2918
3600
2931
3051
1211199
2643
3503
3306
4374
3921
4767
4593
3062
4415
4743
3678
2464
5297
3623
2914
4055
3498
2292
1530
1114994
2264
4821
5430
5268
4336
5847
5522
5475
7490
5710
7306
6279
8084
9676
5395
5767
7347
5628
4555
1597893
451
7519
5099
3093
2819
3155
3380
4859
4184
4095
4227
4936
4338
5634
2888
4031
3134
2755
5548
1096991
462
347
2677
6443
6046
4650
4171
4202
1699
3824
3805
6131
4105
5199
3918
3251
4538
4499
3362
1521062
4911
3568
6188
4670
2054
4910
4366
4589
6438
2775
2962
5439
2566
3801
4952
2654
5115
2908
6173
1482562
1267
4609
3217
4774
2582
4853
3204
3062
2839
2803
4221
3814
3608
5234
3921
7907
714
499
389
1020724
421
288
1500
4056
4980
4241
4722
4409
4438
3692
4491
3987
2678
2781
3845
5446
2838
4693
2294
1441829
1258
3005
4195
3207
4748
3836
2842
4114
2733
4399
3422
3113
2729
3226
4910
2942
34701
3867
2553
1407808
521
508
421
939
826
983
1157
766
907
877
906
838
670
767
958
701
718
669
840
1393105
2141
4728
6038
2636
3875
4128
3151
3566
4775
3618
2907
2199
4347
3782
2764
4874
3770
3214
3970
1412616
1004
8165
3062
4412
9604
2213
4694
3550
2321
3666
3018
3727
4513
2718
3522
2419
2870
2733
4450
1341406
470
2581
1142
3543
6405
391
911
1001
2408
2161
2823
2544
3672
4263
2591
3405
3641
2327
4855
1339358
519
529
413
979
876
1192
712
1076
853
1063
803
915
753
2310
2924
2297
3340
2304
1867
1273177
670
1998
1353
2542
3340
4248
2472
3126
2339
3099
2062
3826
2801
4242
3300
3088
3009
2611
2562
1251102
963
2549
2522
3733
3650
4055
1954
4716
3850
2830
5856
11287
2676
3009
1710
2013
3691
4163
1838
1179508
14150
14221
6809
2667
4264
2955
6428
4564
3428
5883
3510
3065
7347
3357
4095
4692
5174
4890
5317
1523926
520
437
590
411
667
3423
4237
5531
5566
3905
4155
3793
5062
5750
6452
4923
5392
3174
5513
1465755
692
444
522
396
794
643
765
705
741
721
742
727
735
710
740
716
768
792
725
1126316
2093
5905
3635
3468
5070
2978
2873
3893
3634
2035
4962
4459
3884
3429
4268
4193
2505
4109
5218
1370361
2154
2921
3837
2861
2386
2303
2352
3509
2906
1891
3262
2933
3448
2118
2209
2730
2513
3074
2307
1334403
462
3441
2509
3614
979
2698
2009
1423
4172
1249
3220
2183
3975
1351
2660
1701
2640
2775
3879
1277561
2379
2649
1929
3086
3126
3781
2867
2634
3510
3733
5192
2549
3375
2762
2912
4452
3118
4778
2111
1226542
851
2388
4140
2444
2007
1610
3672
1571
2903
1345
2434
1927
3185
3349
1180
2026
2632
1631
2111
1463691
1442
1311
2233
3428
2551
1244
1672
1231
3435
3740
6418
2388
2566
3048
1163
1484
2349
3195
798
1398228
1078
292
1264
1648
1558
1136
1037
1305
1533
2914
907
2377
1786
2141
2880
1083
1881
3397
1495
1355530
1599
931
1964
1799
1649
2640
2330
2028
1370
1882
2862
5198
378
338
1073
1816
1869
3939
1501
1289533
870
824
1004
1654
2715
2939
934
2547
2472
3162
2808
843
3717
2935
1858
1568
2088
2981
1689
1212806
492
351
914
333
2265
1911
2692
3227
2940
2652
2889
3279
1961
1345
5284
440
458
2021
589
1333240
1174
416
1741
1864
1913
1381
3130
1551
1601
1815
2090
817
2266
3577
308
1979
713
1207
5522
1459000
436
450
619
340
338
338
2079
1659
1685
1605
805
1654
2426
1751
2698
1256
3328
2250
1202
1421927
572
441
379
759
713
732
680
680
1916
364
1812
353
993
2538
638
801
1558
925
2805
1338980
526
1576
1049
1117
1659
1308
900
1653
3508
2196
3603
2542
2406
2940
1538
4665
2882
2242
2084
1419788
537
401
1286
507
365
862
879
1260
1307
551
434
418
402
917
634
449
442
1785
349
1391880
558
683
907
1993
1777
2824
3161
3104
2856
2611
1439
2976
1031
2677
1902
2590
3367
3876
4249
1292936
534
418
1243
496
1330
797
481
810
3090
1430
2405
3555
1841
1133
3036
2085
3137
2213
1256
1363036
724
1764
2146
3343
1129
1237
685
2034
1297
1389
1406
1746
2825
1278
1639
2072
2008
2279
2815
1327664
510
323
634
1454
3079
2386
3206
2602
3821
2920
5034
279
1418
1343
913
2939
612
1038
1287
1449879
996
1415
2139
1581
1250
3917
1860
1560
1255
2978
1118
1098
1137
2808
1210
1879
1901
1102
1969
1291685
628
1341
826
940
2400
1816
1445
756
2023
810
1436
1555
1891
2258
2485
2529
1813
2416
3494
1374318
894
450
389
902
773
1199
1102
1757
1394
1761
2074
1951
1604
3318
2006
2529
3132
3143
2059
1379056
822
800
901
888
876
846
1991
460
4732
1775
1024
387
862
636
432
407
682
296
277
1398584
702
833
840
818
766
1282
1639
935
1998
718
2028
1591
1748
3924
5205
8309
6532
5575
10976
1355354
10028
2770
2126
1594
1125
3624
2486
2442
3010
396
342
352
274
828
966
960
674
797
510
1322205
27425
18121
2110
3781
2430
4653
2771
1942
1204
1907
1541
1400
1506
1753
1731
384
3262
685
339
1730328
423
261
881
1380
807
842
830
849
1002
841
835
812
800
823
803
796
1118
933
821
962792
2923
3400
1316
1802
1173
1362
1422
1137
2038
1474
1653
1747
1399
1028
1027
1160
1435
1073
883
1350777
22503
6575
5248
2060
5786
2142
2613
3014
1903
2658
2155
1567
1762
3095
1447
2772
1299
1368
873
1311621
34246
1099
877
1754
2089
1033
1485
1755
1287
1410
1012
1720
1951
1450
1927
778
2303
1686
1747
1458778
653
1298
785
1815
1188
1817
1395
1007
1145
1516
1977
1401
2456
1281
1370
1803
1494
1499
1565
1426092
1538
4822
3598
1455
1333
1490
1241
1485
1433
1248
1631
1078
1685
1571
1457
2053
1236
1516
2177
1355094
15737
629
788
359
323
487
351
6664
410
303
356
351
296
297
368
485
292
324
467
301
295
344
301
23818
638
868
475
341
367
566
395
382
558
935
497
597
815
769
504
773
635
669
470
551
832
828
599
660
705
682
902
462
437
419
681
606
835
698
910
472
379
346
537
356
353
337
441
341
329
364
330
442
321
394
359
322
353
345
346
334
360
347
362
345
346
4830
338
300
309
313
308
302
391
269
649
263
471
437
300
291
293
232
648
249
1054
697
816
636
785
976
729
573
758
464
642
509
683
547
628
507
932
26716
274
212
197
353
175
370
185
324
205
355
207
208
354
209
335
191
329
189
397
233
195
324
189
364
205
192
341
188
359
209
332
198
351
209
338
193
404
211
184
348
198
407
242
203
349
198
383
209
182
342
207
338
191
334
194
326
185
334
177
339
174
510
267
439
975
587
842
673
850
688
797
635
822
638
775
651
791
660
797
626
812
620
770
661
789
645
800
672
734
652
904
671
796
634
784
645
788
644
764
633
817
659
808
649
804
637
797
628
782
637
845
590
778
622
795
628
797
734
862
624
800
623
780
637
789
617
789
629
777
652
787
640
783
668
731
631
794
643
780
640
791
610
784
608
777
802
777
616
789
612
768
647
774
604
784
600
806
570
775
631
785
622
762
619
769
610
759
603
858
609
763
620
886
612
782
622
765
616
750
658
724
597
757
624
751
618
799
603
766
606
763
618
760
620
778
607
772
605
768
616
853
672
829
544
769
613
749
597
783
594
766
628
761
595
768
604
762
623
764
603
763
595
775
616
761
666
723
596
774
729
770
652
753
604
753
631
793
589
762
615
760
624
780
596
761
617
765
597
831
553
764
602
770
610
754
603
772
731
803
649
771
647
803
633
787
648
787
655
830
653
805
776
743
660
852
668
861
696
778
639
772
630
798
606
963
624
775
637
767
646
774
626
765
632
826
553
796
618
777
637
788
611
859
636
778
638
771
635
786
632
800
730
817
655
806
648
814
718
751
554
792
648
816
681
842
686
836
684
843
680
834
701
815
686
842
663
855
770
847
646
790
717
752
672
823
660
806
680
807
639
831
654
819
676
811
675
884
662
796
687
783
660
818
751
931
608
800
686
802
710
859
657
836
664
822
678
825
656
835
662
812
663
900
701
838
665
819
731
758
776
865
680
846
683
823
688
814
663
826
647
828
676
827
670
822
665
803
675
808
680
833
585
836
669
792
747
880
638
838
663
808
687
813
688
840
675
826
661
821
663
815
668
832
716
744
683
881
667
836
665
842
756
846
648
819
667
800
677
823
659
813
649
818
631
818
655
844
634
817
656
821
662
791
678
805
658
820
680
1289
1582
717
471
738
523
656
613
727
555
706
630
631
596
666
540
647
516
700
598
632
596
721
550
648
560
664
568
794
574
670
565
660
541
722
484
701
530
670
537
688
537
641
554
641
513
633
513
634
517
618
538
647
499
673
529
672
617
606
575
690
519
630
548
672
518
673
555
631
567
636
524
662
510
646
550
623
517
648
531
692
498
730
572
679
490
651
542
653
534
614
593
675
531
608
524
627
524
638
524
629
536
618
619
594
512
622
490
634
504
626
497
653
516
625
514
648
561
659
500
619
493
641
656
633
485
749
832
332
476
577
522
631
496
630
535
662
526
622
501
631
525
627
538
607
476
617
515
713
581
581
515
639
476
621
524
687
603
607
533
637
512
598
525
682
511
613
488
618
504
659
542
744
778
344
478
574
546
598
517
711
492
634
510
604
486
621
506
618
544
624
496
598
520
642
546
542
517
667
936
388
515
553
487
471
518
626
488
598
534
598
507
640
484
625
495
594
525
722
663
659
247
802
484
619
510
589
480
639
480
611
533
592
513
626
486
592
537
644
485
642
538
564
505
608
485
658
521
629
482
618
485
597
522
588
569
388
472
598
525
626
490
623
497
669
482
628
509
616
510
629
535
629
500
605
486
609
505
613
546
627
500
626
486
635
499
615
524
598
560
691
524
609
494
646
500
629
516
621
520
617
538
659
505
669
523
619
527
610
491
628
578
580
510
623
507
608
517
599
511
628
527
644
606
645
488
624
483
641
510
641
499
594
518
734
817
310
444
572
517
645
507
665
496
606
525
642
511
589
506
651
522
598
491
589
493
617
638
583
485
620
494
623
489
617
497
605
504
633
481
616
499
635
510
619
480
637
487
599
511
687
426
618
503
632
526
617
526
604
504
621
581
654
501
619
494
634
508
606
527
642
512
640
563
568
508
634
512
608
486
606
503
602
482
596
468
604
483
602
535
627
509
639
541
622
600
722
468
631
500
652
479
635
450
590
500
613
467
653
494
597
498
636
524
622
507
620
516
620
576
563
518
595
509
634
513
596
470
617
473
623
529
635
490
617
471
598
487
583
489
638
507
650
448
611
546
610
461
626
479
613
501
671
544
610
511
591
501
595
515
618
493
640
502
686
604
565
476
624
491
603
514
635
523
630
555
629
486
603
504
605
487
611
489
621
505
615
507
657
455
617
534
638
523
647
500
628
509
1182
1216
785
684
878
690
863
761
898
759
909
716
904
837
865
758
868
725
852
718
833
716
856
875
913
724
821
733
805
700
866
735
848
722
846
734
891
669
808
691
866
720
879
768
913
738
859
734
1030
774
870
757
861
751
893
765
901
743
1465
451
902
180
775
459
650
587
727
432
618
732
715
472
884
468
921
585
726
481
776
550
596
602
740
674
759
450
800
468
895
502
620
534
649
545
679
555
659
726
688
582
866
468
881
460
756
649
650
523
686
538
659
577
719
509
749
472
683
467
676
473
665
481
646
480
635
481
689
450
829
582
888
384
273
571
705
433
829
655
357
607
579
528
800
645
863
746
894
747
897
806
883
854
894
777
980
841
960
785
902
778
871
770
1051
783
910
746
894
775
874
773
850
806
912
859
1015
757
849
732
946
851
815
714
850
752
837
910
882
814
980
853
934
842
978
907
987
866
1011
942
1022
867
1094
854
953
861
1003
889
1162
893
1024
910
971
916
993
860
991
868
1025
815
977
879
982
927
931
851
965
852
995
1008
996
826
1001
926
1008
869
1002
849
1021
841
915
784
951
804
978
779
985
806
968
778
1103
892
999
828
966
837
999
936
964
872
983
877
986
818
966
872
954
866
973
908
964
964
1058
891
1003
899
1005
825
1006
858
966
832
949
813
996
830
1001
843
933
845
989
824
1103
902
989
875
1010
899
1020
806
911
820
990
800
964
844
941
835
925
842
993
825
950
849
1202
934
928
850
973
829
969
830
964
810
964
840
957
833
952
866
970
872
964
876
986
1423
967
909
1067
812
967
851
990
789
940
810
971
840
974
828
957
855
961
827
1004
866
1110
921
1009
839
985
862
916
798
959
834
1004
886
1002
746
942
844
984
837
966
880
978
959
1039
836
904
942
1014
847
1001
813
979
855
969
856
986
806
1008
835
993
873
890
852
1070
993
670
517
607
454
601
515
702
583
486
622
584
502
650
498
666
551
658
505
684
476
628
514
624
468
636
445
718
458
643
466
693
519
886
432
670
549
671
528
691
445
799
794
420
287
647
508
699
459
728
459
639
567
625
566
647
607
734
489
663
437
776
796
433
271
744
531
676
466
667
524
633
523
651
526
669
534
779
433
699
444
638
463
601
472
652
483
619
463
659
555
615
529
672
528
685
429
867
681
576
426
903
265
629
456
674
514
664
508
651
526
721
414
741
453
680
587
674
520
642
504
724
501
739
800
257
450
679
423
740
437
785
649
635
512
643
533
718
461
646
435
767
642
278
466
667
461
648
443
666
472
687
430
775
466
651
513
658
511
658
467
591
533
625
461
707
560
677
436
837
504
537
424
741
434
763
416
751
414
748
441
609
457
666
452
617
523
686
485
765
411
777
490
589
513
642
527
836
439
755
468
593
459
625
456
657
470
596
532
658
460
642
513
631
537
740
421
786
449
638
464
616
477
632
458
656
456
637
514
655
417
867
429
840
423
643
511
702
474
768
820
283
352
642
445
664
459
696
413
753
505
673
517
626
521
621
532
719
417
737
421
642
431
629
465
751
630
663
463
687
437
736
455
675
526
654
534
689
412
803
601
858
316
186
612
725
525
458
524
767
412
790
464
652
465
709
417
772
593
743
463
633
450
632
439
698
422
767
509
626
440
631
498
627
504
637
520
716
502
699
418
765
529
338
530
622
459
612
446
603
519
754
511
867
459
648
526
652
526
657
533
633
524
646
462
683
426
724
428
630
465
654
507
651
548
635
561
865
751
657
522
705
431
715
561
804
467
633
488
665
462
641
518
653
517
659
519
761
429
731
448
602
447
585
526
662
455
613
513
671
506
700
444
654
534
696
536
749
669
718
486
723
446
658
462
636
451
673
417
711
434
642
522
636
515
671
457
600
505
642
541
632
481
703
419
727
814
346
555
863
422
267
555
669
458
655
438
708
418
611
503
634
512
570
503
610
504
643
452
613
444
717
424
759
430
681
465
632
456
654
459
654
413
731
436
737
429
725
462
716
420
820
318
588
410
770
438
655
462
630
502
672
446
606
452
609
596
760
596
747
558
719
660
847
837
959
940
1077
632
746
601
743
580
719
560
660
104038
4578
18816
18885
18098
16788
4449
15654
16803
15914
16042
15518
16477
15639
5156
5598
5981
5603
4536
6060
1126617
3406
7976
16816
1609
5669
1461
1664
1268
5917
6003
6615
5000
5143
5493
6003
6076
7907
6114
5503
1220221
9376
11994
11378
7614
7685
5191
4140
3911
4170
4333
4306
3851
4641
4218
4091
3533
4089
3476
3930
1279626
11583
9328
12097
7400
4951
5490
275
2634
2608
2576
3228
3324
4547
3197
9044
435
3990
4229
3338
1332418
8615
9304
14012
6587
3624
3814
2693
3024
3486
3900
3254
3226
3595
3791
3346
3103
3709
3090
2993
1199960
10119
10648
13037
8225
11949
6204
2998
5139
2565
3665
1328
3470
3655
3420
3022
2784
2817
3495
2885
1254503
8826
7412
10864
5226
9368
9489
871
3476
3426
4103
3050
3277
3796
3291
4374
3834
3129
3031
3098
1193494
7335
8591
8884
8479
11077
4667
3010
2856
3211
3026
23356
6269
7113
5043
5088
4802
5957
6039
6337
1175342
11414
11160
12816
7541
2960
2614
2841
3270
21517
7044
5444
4727
4821
4634
6939
4569
4714
4916
4815
1179466
9777
10021
10888
7512
9027
3257
4087
3732
6521
1461
3634
3989
3467
3207
3499
2811
3275
3099
2586
1246174
14672
6141
7981
8998
4069
3774
3743
3730
2999
3356
2743
4205
2465
3110
3397
3428
5596
834
2814
1210066
9801
10048
13909
9381
2592
2942
10867
1588
272
945
1126
3543
3311
3131
3168
3183
3159
3078
2815
1249163
7751
7726
8446
8381
8326
8963
4400
4087
4752
4240
4276
4119
4555
4502
2748
2900
2968
3021
2619
1210079
11255
10082
9574
9956
4399
4066
4117
4378
4134
3789
4277
4194
4086
3822
3795
3576
3758
4007
3729
1217800
7578
11492
10267
7807
8878
7887
4949
4240
1230
3895
4672
4235
3864
4056
3918
3847
3915
3843
4107
1221593
9478
11603
14509
6953
4026
4123
3339
2623
3377
3180
3521
3497
3224
3486
4050
2686
3224
3065
2990
1260038
8045
12027
4816
10688
6385
9527
280
234
3235
2528
4057
4253
3975
3008
3792
5189
5581
4870
5219
1224115
10140
7951
11616
5385
3060
7689
275
3032
4360
982
3503
3244
3253
3686
3618
3079
3165
4975
5019
1211784
7062
9777
5932
7160
9055
3257
2872
2760
3179
3467
3864
3743
3323
3125
3314
2988
4186
3009
2850
1224406
11388
12435
8597
4497
9244
7540
4069
3771
4299
3854
3607
3718
4197
3183
3539
3407
4184
2864
3123
1220935
10846
9200
11852
7287
7291
3370
3103
2723
3333
3047
3962
2916
2972
3276
5745
4684
5249
4965
5506
1219254
9188
6222
10947
3858
9009
8178
240
2741
6986
234
2021
2083
6664
817
1910
3564
4353
2432
3107
1217496
8726
9176
8320
8072
9697
8330
2911
3061
3378
3564
3905
3298
3005
3456
3089
3305
3311
2962
4257
1228978
9999
10864
9051
10819
8839
6293
3077
3142
2187
4004
2157
3959
1836
3021
3392
3458
3000
2792
2924
1221598
8833
6867
9810
7066
7664
3566
4046
3446
2829
3777
6385
1124
3906
675
4137
3172
2611
3106
3201
1277384
10860
13206
12362
7382
4770
2030
8504
248
221
2672
3498
3205
3858
2913
4197
3211
3586
3516
3914
1219034
8590
6205
7973
7535
12775
4626
4309
4287
4159
3886
4390
3929
4841
2472
4405
2945
3479
2968
3128
1239572
8914
8560
8346
8813
5385
2734
3374
5683
4992
4463
4010
3860
4649
4445
3128
2857
3114
35127
4778
1183857
13592
8897
7831
10333
12754
11686
646
212
1472
3506
2754
3190
3515
3776
3711
2374
3286
3339
2802
1248559
8346
10459
9875
9290
9607
8007
4221
4886
3682
4170
3931
5036
3297
3579
2698
3526
2318
2779
3052
1229450
9087
11614
10651
7944
6676
3319
2867
3663
3295
4041
3786
3632
3926
3648
4404
9323
348
246
2061
1228818
7459
8705
9428
7981
10529
4071
5454
6166
4210
3248
3243
2830
3667
3232
3166
3217
2953
2911
2914
1226075
11426
9405
8663
8840
8491
8795
6145
3668
3720
4467
3043
2902
3128
2582
2743
2516
3076
3186
2709
1258054
7889
9049
10191
7545
8517
6704
3709
3547
3579
3480
3407
3264
3872
4057
2932
3069
3197
2850
3106
1237363
8862
9811
11385
9175
10656
5395
4014
2778
2635
4009
3709
3389
3266
3231
3917
2621
3136
2719
3053
1223374
9920
4337
9465
6447
6299
9741
4624
2960
3187
3159
3735
3341
3533
3756
3344
2755
3739
3085
2999
1226978
9180
7378
6535
9287
7186
7627
8946
2450
3638
3461
3277
3595
3292
3178
3708
3381
3943
2314
2861
1238975
6894
8848
7897
7801
6545
8778
5110
4336
3623
2629
3186
3626
3794
3351
2856
5907
891
3906
6176
1230402
7812
9956
8407
7405
14695
1889
8207
5184
2742
3650
3222
3219
3238
3914
3396
3200
2434
2713
3112
1251577
7185
7631
10640
8992
9595
6516
4724
3321
3639
4979
4148
3745
3390
3795
4057
3140
3024
2931
2694
1275035
6300
10198
5926
8285
8514
5284
3352
3928
7604
189
3260
3567
3802
4026
3862
3519
4358
3239
4792
1247199
12501
10973
11484
7693
3764
3671
3921
3659
5335
680
4064
3500
3560
3514
5557
4852
7419
5238
4108
1250583
6757
8340
9269
6675
6488
15833
356
3053
3470
3065
3014
3068
3525
2839
4646
2223
3043
3142
2789
1310023
5635
8547
6511
9454
9345
6096
3511
3929
3409
3640
3539
2880
3013
3273
3958
3326
3947
3252
3112
1235673
11592
9847
7618
9363
8552
4778
9751
329
261
3326
5077
2584
3009
3382
3695
5155
2057
3572
3197
1237775
11702
9797
10357
10887
5378
4402
5010
4416
4706
4700
4849
4947
4398
4454
4257
4413
4316
4020
4034
1285390
9613
11757
9852
7033
5777
3356
3102
3825
3775
4208
3750
3631
3693
3657
5927
1220
4212
2847
2789
1298382
9823
11343
9333
11032
9950
5070
3424
3548
3544
3235
3111
3068
3061
3777
4320
2682
2515
2818
2720
1307111
9772
9271
7682
10075
6747
3167
3512
3276
3392
3404
3196
3663
3583
3330
3059
3698
3537
3188
2987
1289534
8900
9845
9327
9220
8048
3270
3499
3253
3953
3411
3530
2938
3899
4230
4370
3535
2023
3039
3728
1334457
7720
7912
8134
8496
7143
3139
4407
4076
5071
2646
2748
5343
3518
3791
2961
4188
6077
4149
5692
1358824
8442
9730
6160
15303
266
4463
5659
239
3855
2949
4241
5466
5132
18167
7230
5232
5451
4314
64103
1367225
8559
6024
8258
7960
12122
328
2238
3752
3561
4542
3557
3764
4142
3844
4485
4730
6803
4913
5177
1583159
5653
6823
9633
8643
8155
7842
3578
3116
3392
3542
3322
3615
3583
3568
3361
3066
3318
3745
2967
1449579
7429
7495
8034
7030
9796
3507
3312
3051
3385
2823
3645
3408
3219
6074
2835
54997
6309
6101
6632
1280912
5592
7928
7347
7985
7257
5806
8914
3730
3311
3365
3480
3241
3490
3866
4007
3443
6350
5959
5605
1272517
7675
7841
7537
7830
7847
6871
858
4165
3083
3370
4667
2676
3900
3043
3202
2568
5303
6175
4222
1236350
9141
11096
4932
11392
6231
7379
5467
2917
3188
3931
3683
3530
11844
812
303
856
620
2323
3042
1275434
9785
12256
8179
59529
4571
8236
2921
3260
3137
4086
3235
3642
2671
2784
2720
2980
2814
2967
2787
1188430
9174
8517
12984
7220
9111
3963
4439
2959
3100
3006
3068
4225
4042
3093
3299
3523
4356
6656
14025
1198149
11439
12467
11118
9705
7603
3868
3844
3546
4053
3635
4100
4012
3827
3272
3576
3659
3868
3824
3636
1201543
11721
11090
12927
9182
7516
267
992
11351
494
2203
4048
3901
6779
286
3359
3094
3514
2890
3654
1237512
10696
10624
10105
6595
6492
2965
3251
3313
3248
2592
3756
3588
3050
4327
2587
3355
3544
3688
3075
1236430
10629
12637
9493
9449
6342
3168
3449
4552
1912
3177
3726
2869
3180
4093
2968
2580
3334
2716
3037
1204623
10583
9135
7172
9009
6287
6144
262
2863
3434
3193
3427
3417
3905
2797
3680
3469
4190
3022
3374
1223319
9585
9027
8295
8967
5225
3968
2861
5013
4856
2427
5609
1351
3029
3805
26907
510
183
191
174
1233196
6260
22568
4451
2914
3073
3493
4376
2677
3075
4285
3251
3964
3910
3454
3062
3030
3379
2872
2466
1238984
7813
9358
5378
7252
10117
3922
4099
4683
6181
3114
4382
3788
3985
3457
3447
3235
3065
6071
6449
1236086
6244
12911
8678
9562
8991
4406
4410
3081
2721
3028
5346
1808
3275
4081
3337
4819
1430
3161
2674
1233140
10852
5525
7521
10042
9340
8626
4224
3549
4165
4595
3837
4006
3649
4896
2831
2999
2960
2721
2910
1225960
8727
9443
8484
9968
7532
3338
4075
3988
4368
4143
5988
3079
4025
4056
4454
2869
3003
3228
2788
1229678
9493
10479
10181
8977
7995
2061
2503
3539
3153
5559
774
2637
3964
3508
3607
2683
3306
3291
2968
1259347
10161
9011
8908
3835
7524
5833
3230
4332
2111
3267
3373
3132
3220
2718
2941
3437
2821
3271
2390
1283062
8525
9620
7323
7088
7206
1062
4259
3939
1516
3600
2803
3832
1990
3254
3525
3443
3524
3822
4447
1306558
6913
7563
9092
10180
8990
3564
3921
4004
3287
3769
3777
3486
3742
3691
4178
3379
3397
4061
2660
1313799
6419
13167
13677
6212
7166
3221
3844
3395
3641
3130
3165
3482
3574
3124
2771
3084
2936
3109
2849
1246144
7929
8751
7597
11160
6346
7650
4356
3991
4475
3928
4288
4384
3570
3590
3913
3675
3814
3579
3805
1225600
9365
4885
8237
16649
12457
287
272
235
1988
2461
4185
3888
6609
5580
5686
4549
9105
4246
3341
1313883
10489
6168
9443
11334
1710
3157
3546
3511
3468
3026
3251
3213
3271
3375
5841
6004
4723
5031
5621
1239018
7254
8016
8381
6984
7594
4817
3469
7916
3897
3746
4427
3717
4587
4052
4168
2799
2783
2715
3346
1226105
9077
10110
10319
10671
5592
3897
4783
4013
4081
4003
4504
3909
3994
3940
3870
3660
3896
3548
3620
1339941
8025
9617
8662
8905
7215
3674
4162
3868
3861
3598
4127
3833
3963
3856
3830
3516
3355
3418
2837
1363279
9296
8167
8719
9571
5484
3158
3673
3314
3450
2728
5004
1783
3030
3127
3710
3374
2843
2355
2908
1222252
9260
10696
8829
11357
3291
2985
3625
3143
4896
1582
3746
3485
2919
2966
3548
3058
3327
2838
2918
1212063
8223
9415
9903
7330
3984
4485
6416
1790
4030
3624
4096
4243
3763
3379
4228
3584
3808
3704
4039
1223403
14074
11195
9329
11941
12207
5326
4736
3838
5091
6906
1783
2820
3184
2958
3233
2966
3309
2730
2997
1219322
9168
8805
7118
11830
10502
2352
7005
287
1048
5245
1266
2317
3640
3193
3770
2780
3113
4595
4707
1221547
10114
9055
6727
8242
12823
7762
3888
4041
3917
4311
4712
4647
4754
3159
3655
3735
3718
2351
2947
1213923
7794
8877
10532
12284
10800
3405
4651
3960
4264
3661
4366
4066
3769
3647
3791
3555
3851
3657
3758
1210061
12478
12222
8551
7987
6305
3267
3661
3279
3135
3195
3463
3034
3794
3096
3205
3120
3001
2797
3025
1212994
6595
8105
10202
7359
9844
5269
4077
3350
3385
3153
3582
2884
3073
3173
3800
3323
3505
2888
3134
1239420
9426
7347
9631
8614
8074
3944
4137
6053
827
1216
5528
2551
4133
3348
8262
681
2038
4246
3756
1230403
9697
9503
9348
10987
6431
4723
2821
3877
4615
3616
4124
3695
3941
3965
3315
2452
3274
2775
2933
1240438
8659
8408
8965
8327
8253
3091
3843
2449
3117
3340
3735
3313
3983
2383
3220
3157
3690
2730
2944
1230159
7579
8781
9693
6801
6766
2782
4386
3301
3155
3516
3082
3412
3205
2741
3730
3034
3602
3517
5059
1272541
9367
6296
8399
8040
9473
10366
7193
4048
2833
2995
3251
3599
3289
3853
3497
3141
2768
3144
2483
1275575
8457
8073
8056
10397
5539
3969
3929
4808
3826
2777
3671
7743
345
1445
2550
2934
3134
4412
7135
1331615
10785
8652
11629
8050
8840
3422
3754
3483
3827
3836
3614
9486
6227
7918
6586
6653
5883
5679
5300
1264601
10358
10154
8300
9623
6926
4389
6886
345
1434
3728
3205
3269
2719
3233
3998
3149
2904
3118
2754
1242166
7776
7653
6684
8834
11211
5117
4164
4262
3855
4142
4189
4106
3851
4225
3865
3797
3679
3937
3698
1225328
10646
7670
8489
9904
3887
4122
7011
2471
18610
1061
697
594
1233
547
629
203
1037
3576
2855
1321011
11316
8963
10151
8861
3705
4067
3999
4299
4362
3841
4311
4271
4076
3819
4680
3595
3966
3473
3742
1308417
10317
9200
8872
13763
3806
246
1528
7161
235
3939
3676
3495
3536
2877
2701
3271
3331
3097
3136
1249915
8913
8762
10903
10548
6027
3161
10256
736
298
935
2282
2833
3500
2995
3000
4471
3594
2980
2525
1228789
12253
13272
11717
11775
272
2587
4977
2484
6152
586
2777
2856
3411
3152
3190
3553
3291
2937
3006
1251339
10283
7878
9599
9447
3936
3205
4169
4663
4125
3633
3268
3196
4404
2542
3018
3450
3980
1058
3307
1279520
2504
8096
8806
8671
5845
2525
3341
4404
3762
2986
2857
3393
3802
6800
991
2776
4016
6803
5887
1300376
13063
5017
7400
10976
4583
3309
4358
2787
3227
2805
3661
3628
3268
3873
4259
3147
3927
2940
3361
1258940
10510
8587
10790
8602
3117
3193
4316
4223
3125
3134
3330
3879
3672
2984
3715
3450
3068
2907
3378
1272893
8767
10817
7501
6933
11584
5005
5765
3929
4543
4295
3721
4237
4327
4360
3712
3934
1128
3246
2909
1236115
7542
7408
7197
8196
6422
11622
3588
3466
4273
3128
4361
2970
2606
3723
4159
3894
3753
2861
2892
1213288
8683
6761
10653
6142
9880
7351
3575
4110
4470
2693
3773
3140
5690
3803
3668
4176
3964
3111
3341
1214625
7935
7666
11031
10593
9535
4952
4364
295
2343
4785
2068
3794
3056
3232
3702
3529
3127
4234
5571
1215580
854
8413
8292
10110
4007
11593
3772
6929
3096
3812
3498
2225
3333
3907
3924
3549
5340
24796
282
1214567
10302
5656
8659
5878
11515
5909
4229
4336
4226
3094
4022
3117
3008
4266
1958
5489
1260
4240
2737
1209067
6139
8130
7111
9708
11215
1497
4986
4485
2545
3494
3751
3387
3192
3660
3056
3350
3692
5478
5305
1210828
8374
8556
9528
9131
6918
6212
3105
3581
3440
3490
3707
3546
3494
3499
3032
3147
3986
3369
3260
1205091
10978
7525
8482
7002
8798
1661
2687
3196
28054
6396
5801
4473
5553
4786
4142
5964
5587
6207
4947
1177234
5110
6582
7470
7328
10423
7396
4118
3968
3232
3418
4642
5298
1244
3254
4545
4856
6509
5078
4763
1211392
8973
8023
7427
9081
4550
3641
8938
5422
3070
4300
734
4279
2537
4458
4278
4715
5852
5782
3807
1267814
8565
7234
7930
8388
8970
5671
2247
3523
4305
2224
3098
3596
10136
6635
4518
5016
7364
4439
6797
1216596
8336
10086
5167
7453
29459
3503
4003
3822
24702
4684
6457
39282
5711
5575
5088
5767
5728
5944
5139
1137518
9098
6941
11732
7207
8504
7068
2812
3203
3401
3357
2931
3839
3618
4449
3614
2734
3771
3369
2968
1218769
5560
9142
14086
13027
11873
3997
3978
4005
3530
4135
3837
5111
3757
4362
3511
3597
4023
3823
3496
1312104
11764
9432
9269
8709
3127
3736
3458
3592
3894
4189
2224
3013
3212
3129
3576
4516
3628
3537
3123
1328229
1510
379
1430
2623
11497
9849
2480
3008
3071
3714
4046
3630
3288
2729
3350
2776
4269
4225
5044
1321081
12043
7404
9550
9710
9499
6820
5652
312
3463
3513
3718
4211
3226
2592
4883
803
4759
2963
2711
1278637
8105
10055
12834
6419
7750
3572
3481
2279
3147
2678
3451
4383
2927
3025
3470
3175
3147
5046
3629
1305637
6501
10285
9053
9621
6440
3066
3442
3331
3205
3822
3577
3754
4341
3193
4052
5937
6618
7016
6263
1300974
7083
8637
9469
10019
7771
3277
2922
2976
4204
3748
3533
5648
639
3354
3143
2836
3277
3067
2978
1285180
9819
7672
9279
9696
5682
4298
3288
5644
2291
3434
3656
3043
3292
3580
3116
2517
3488
3055
3327
1243705
11554
2501
10245
10462
4440
4146
957
3139
4524
3161
3273
3676
2885
5701
1191
3831
3226
4521
5241
1224692
7520
9944
6813
11149
2952
3472
3385
2701
3459
3089
4794
3234
3235
3241
3440
3060
4020
3106
3781
1205319
9468
10783
9835
8800
3987
4761
3501
3303
3046
3792
3186
3692
2852
3215
3726
3042
2934
3143
2664
1203534
12552
8961
10260
8669
2954
3421
3064
4985
1961
4037
3236
3318
3522
3985
3610
3069
2868
3303
2876
1202517
10756
10995
9241
8484
3200
4339
3194
4156
4689
2190
3341
3629
5634
905
2412
3357
2863
3122
2898
1197996
12541
8224
9553
11288
10595
3770
3215
2715
10724
493
587
710
8254
30126
7320
5343
5272
5182
4891
1172799
8035
7645
10682
11874
5856
5371
3030
3662
3038
3182
4321
2732
3578
25724
351
273
959
327
186
1232288
9828
8221
14230
12095
739
725
956
798
4061
4348
4339
4259
4031
4324
13503
526
750
738
7996
1230606
8288
8626
7328
9471
6255
6491
3442
4789
3302
4438
3487
3066
3491
3694
3685
3607
2991
2745
2922
1228774
10069
6263
10320
10962
7610
3788
771
3326
3833
4097
4114
3902
4118
4746
2732
2662
3258
3190
26594
1240018
20507
13118
10859
14597
3460
3281
3900
4400
2287
3353
4052
579
3764
3109
3544
3271
3066
2757
2934
1264753
13195
10572
11686
5286
5698
4506
927
1982
3709
3597
3529
3981
3971
2579
3248
3395
3598
2876
2809
3349402
9034
12252
10476
52978
598
604
1188
585
735
642
917
636
804
583
989
577
705
533
5797
1738339
7992
7956
9294
11508
10542
7838
7816
480
770
3515
3353
2923
3461
3326
3706
3302
3306
3084
3064
1636862
8310
11179
10268
9554
6342
3873
3105
3157
3573
3335
3326
3273
3115
3662
3732
3197
3152
3191
3298
1594886
6252
10624
9956
10930
8618
4102
4002
4017
4470
3922
4318
4270
4388
3946
3815
3641
3876
3622
3996
1517459
9075
8520
9150
11357
8366
7155
3576
3887
4268
3015
3626
3643
4050
3584
3517
2657
3280
2800
3531
1533210
14338
13082
8747
9243
10528
2505
5289
3506
3686
3422
5905
847
3470
3454
3713
3287
3399
2892
3233
1485828
5025
11134
10270
8569
10355
9834
6511
3153
4293
3232
3675
7067
280
1410
3925
3475
3282
2952
2905
1470581
10043
12461
11370
9193
3361
8348
1465
4118
3163
3730
3673
4186
2039
3571
3991
2790
3879
5169
5339
1450323
12275
13361
13443
5670
4567
3155
3627
3496
3803
2840
4684
3526
1721
3227
3641
3306
2778
3152
2981
1504597
9545
8510
9982
4840
4880
8149
6705
3240
3640
3777
3399
5112
4295
4121
7524
1255
2603
4805
3563
1531688
12118
3054
11079
5942
14837
1832
6365
4382
2367
3910
3338
4160
4075
3794
4052
4085
4399
4382
3698
1484179
7042
10125
11457
8928
7243
4615
3729
4007
3897
3555
4530
3559
3182
3229
3364
3164
2827
3612
2678
1524073
9125
11857
8081
13220
5425
7199
3698
4763
4221
4597
3952
4252
4269
3909
3670
4137
3675
3749
3818
1480635
8210
9950
9482
11499
12511
4533
4562
4852
4381
4645
4620
4307
3849
4233
3886
4146
3967
3685
3775
1420769
7140
9110
6872
8988
10887
3872
3573
3249
2908
3869
3528
2866
3890
3533
3886
5331
5224
5912
5939
1547741
8468
15189
10617
5669
6918
3548
3286
3505
42933
634
507
702
5400
6219
6737
4928
5799
5108
5570
1399276
7824
8396
10384
11872
5181
1683
3409
3716
3264
3571
3443
3751
3736
3241
3681
3153
22277
21760
4005
1351268
11025
11071
11663
8471
5293
3571
3757
3918
3839
4105
4372
4244
2857
2655
2910
3016
3077
2992
9605
1508595
11866
15369
15946
5858
2963
3257
5355
1328
3460
3769
3800
3444
3884
3480
3698
3313
2866
3114
3184
1390288
12411
6428
10237
10176
4386
4079
4279
4158
4581
4020
4229
4086
6604
3403
4360
4342
4618
4416
4236
1502487
10456
9179
7681
10194
9198
3529
3954
6081
5057
5981
5996
5692
6182
5694
6863
4069
5438
5998
6428
1385465
2770
13072
3919
7424
11302
7694
3451
3899
3855
3981
3986
3562
7294
268
2943
3958
4832
4915
4855
1397911
7136
30335
5133
7802
10361
60566
59304
625
550
1119
745
953
609
1037
895
5838
740
5492
6713
1409102
288
269
246
267
243
249
234
298
229
232
228
378
914
3679
3372
2595
3425
2699
3191
1428290
8644
972
9336
9118
7274
4347
10709
8179
8397
7486
437
661
3978
5158
8417
3023
5924
5077
5919
1403591
6985
1945
9922
5696
8751
12264
8031
739
4354
2368
3669
3968
3259
3798
3807
3279
3929
3054
3202
1417237
9643
5295
8519
11451
4866
8352
3266
3059
3988
3699
3285
3739
3888
3115
3105
4352
2999
3630
2910
1483557
4432
9792
9463
8656
5685
14165
33470
257
232
240
228
223
241
24687
4699
7886
5759
5900
7668
1382235
10762
13809
10048
9222
1220
4685
5659
5715
4370
5293
5490
4916
5212
4326
4604
4689
4591
4444
4267
1429718
11472
3788
1045
12931
9887
1239
5038
7348
10341
248
233
6131
270
5652
6148
898
4309
5081
5402
1590773
14535
7813
9236
7319
4257
3401
4092
2962
3245
4866
3698
8115
286
3444
3621
4245
863
2700
3710
1374738
6258
11234
11934
5120
6175
7961
6952
4283
3249
3269
3292
3621
3494
3550
3354
3618
2944
3149
2677
1347279
9087
8349
8845
11006
11137
8184
5614
3621
3448
5732
1119
3559
3334
3272
3447
2801
3341
2983
2979
1373664
10678
12620
11675
9895
3336
4350
4569
4032
3908
4334
4142
4313
3575
3955
3567
3975
3888
3734
3817
1342774
8622
11057
12246
9171
8798
6428
3830
4364
4000
4549
4292
4482
3958
3980
3470
8165
281
752
3343
1344328
12032
9162
10905
10433
7739
4117
3348
3682
3329
3484
3500
3552
3525
4158
2562
3474
2959
3147
3207
1380938
12605
9233
9739
10917
6512
3462
2960
3099
3625
2879
5217
1869
3953
4314
2943
3148
3752
3113
3291
1365181
12477
10884
11336
11723
6737
3393
4005
4732
4173
3840
4713
3956
4434
3567
4159
4010
3896
3595
3861
1402257
8555
5468
11108
17537
4696
8085
262
4817
4946
4889
5767
5100
4565
5370
4564
4398
5448
3318
3704
1417903
3854
17837
3025
2588
2686
9816
5426
5377
5721
6585
5642
6198
5539
3925
5418
3738
4966
4759
4075
1383900
10031
13531
13185
11174
6053
4158
8639
289
1497
3365
6024
974
3848
3308
3585
2757
3911
2531
3827
1439964
18275
9106
2105
8799
8089
9746
8752
3692
4158
2656
4500
3040
4166
2737
4578
2729
3023
2545
2700
1436600
7209
13647
11627
9928
2979
3197
1303
2780
5174
1119
3944
3431
5219
4312
1394
5051
2129
6114
6291
1433874
14754
2792
10775
8963
6730
4156
2968
2779
3286
3323
3363
3224
3258
3758
3230
3737
3968
6221
5744
1363949
12544
9029
11964
9970
4002
3725
4017
4698
4596
4475
4535
4558
4505
4533
3967
5125
4214
4310
3970
1448503
11270
3077
2727
20136
297
7598
3403
4473
6046
789
2858
6296
5703
5050
5643
5239
6894
5716
6360
1550983
9810
10467
11773
6128
2846
4109
3921
3429
4145
3203
4852
4136
3430
3637
3397
3247
38059
6630
5577
1316926
6227
8517
12086
11805
9727
3798
3798
2995
4760
4198
5294
3802
911
9380
257
246
4125
274
1837
1376043
7926
9900
12529
12447
13915
313
1178
259
2522
3006
3333
3338
3142
3427
3462
3416
3120
3222
2726
1328594
5643
6342
8886
11846
8788
9497
4046
4924
4450
4444
4870
4869
4680
4928
4496
4454
3713
3281
3591
1339660
9372
8740
8060
8042
9913
3652
5047
2299
4494
3427
5683
4077
1467
3507
2944
3586
3232
3643
6251
1359033
1244
11500
5472
6225
3842
4020
10663
6873
7029
4437
5028
4408
3625
1962
4304
3439
5492
5935
6958
1370216
8377
6221
11535
7019
9963
5272
2638
4596
3248
3373
3715
3108
3686
3746
4481
4291
3831
6018
6615
1527363
9827
6991
9497
9998
8281
5910
6031
3696
3699
4664
3286
4488
3468
3391
5318
3113
3516
3834
2669
1447989
10168
9086
11227
11217
5746
4032
4216
5013
8685
448
2178
4235
4878
2686
4148
3776
4038
3991
3718
1513584
9249
10467
9022
10264
10143
4852
2645
3245
4775
3121
4027
3654
2973
3356
4640
2222
3861
3382
3139
1553902
10719
6480
22283
8912
5495
6953
276
3156
3962
6429
6080
4907
6785
2952
4431
6970
6720
5099
5453
1531062
24205
12405
54297
240
1132
519
5866
280
262
254
2579
284
8542
3349
7985
6232
5612
5321
5086
1378763
11092
9444
9062
9957
3794
3984
3677
3506
3686
4026
3934
4394
4191
3557
3698
3729
4168
4206
3434
1393950
10661
3018
12139
9445
12353
11533
17709
586
268
1547
234
695
643
2416
5894
273
2748
3689
2713
1416202
8403
11031
8813
12773
17273
463
831
788
765
785
2059
4345
3864
3808
4354
4013
3956
3740
3516
1348609
7797
10084
9872
10523
9790
4072
3665
3352
3295
3181
3455
3475
3741
3432
3083
3092
2891
2939
3068
1451200
3107
11345
10216
11090
9812
9382
6711
4581
4808
4170
4576
4478
4311
3765
3902
4282
4223
4031
3137
1342799
5944
8239
8871
8207
7917
7725
4153
3601
3454
3482
3268
3430
3441
3340
3732
2583
3165
3429
2774
1343895
7433
7941
5761
3527
4615
4481
4933
11303
9614
4876
3354
3462
4076
4881
2167
3228
4047
6746
5526
1311175
9764
8808
9779
8043
8382
9380
5796
6982
1456
3297
3928
2677
3548
2920
3717
3176
3265
2882
3377
1441992
10779
11527
9508
10573
3882
4134
8603
662
1137
1091
3614
3270
2689
2350
3669
3097
2867
2790
2800
1363336
2848
16042
9678
4278
10475
3786
7415
3586
3384
4331
3639
5076
2882
4206
2990
9695
259
181
4853
1379326
9274
2752
8532
11026
10687
4109
4371
3386
6991
2197
8975
263
245
7825
262
181
4926
6085
4257
1346678
12193
12724
11185
16163
3245
3620
3251
3665
2941
3432
4667
1940
4134
2603
3629
2947
3107
3108
3300
1294069
7228
7715
6301
6993
8066
8798
4013
5538
3395
4290
4171
3976
4325
4232
4138
4811
3711
3582
3890
1301104
7306
145818495
436464
1177
462
1364
994
1148
1138
1210
1168
1142
1468
814
1486
976
1458
1476086
544
1147
926
388
889
862
831
796
36276
722
721
747
736
679
659
919
890
675
748
1382938
432
1203
348
1342
2582
1211
28331
67694
1299
408
729
655
852
728
1719
466
681
661
956
1513628
24146
486
1447
370
768
1936
927
949
907
388
4143
419
343
388
377
1592
398
270
263
843169
51068
496131
22488
21123
15702
743
1139
758
862
874
860
1033
895
909
745
683
768
775
747
1003563
22797
13605
35846
26889
40638
39140
69854
69885
59869
28762
45667
1247
603
1093
431
726
702
902
681
655613
31395
438029
15331
29144
10094
22273
16901
17357
43652
40578
100949
881
905
890
874
871
777
832
860
796511
43065
420477
7061
17226
19501
4666
10467
14941
26826
46578
126362
706
1086
639
829
899
1097
1697
451
853968
24033
385747
22491
12302
16462
7485
8211
5517
7518
42598
36279
52695
129122
91110
1360
631
913
953
729
1122900
9819
831
1035
907
909
935
978
1143
920
828
894
854
906
840
923
751
1116
807
847
1018889
15096
51718
11735
10591
20063
34206
29155
33032
12402
24163
86730
92423
36817
31197
24319
26236
22511
12470
16910
1059946
19142
427484
7145
8067
7669
5596
10647
19402
20117
14919
38651
815
706
1485
454
769
631
835
986
1384024
8507
696
870
799
821
876
980
859
835
822
840
1122
848
806
809
1109
876
1097
828
1019030
14209
552
366
1364
583
559
556
545
547
557
537
555
552
521
595
532
547
239
585
1034536
39412
60700
16509
8356
7491
7679
12711
16953
22839
43946
27111
102354
51711
30929
16077
11695
18678
20962
12614
1080509
16405
459
384
1189
359
8448
13517
15512
11753
11148
5952
11854
26900
26513
27263
57185
23803
38036
41507
1090211
21928
289396
17437
24330
25421
22920
28658
22096
20939
10638
52105
20078
25337
21231
11960
9552
7333
16629
15264
1032493
8785
489570
5900
7452
17510
10789
13420
7608
6095
8648
12802
22427
21893
29433
42187
751
790
732
859
1240523
19166
807
729
826
2995
674
367
409
354
372
775
1628
489
496
427
430
384
693
803
711383
17345
83245
17664
18890
12898
7968
10505
14083
20337
13542
6755
20680
44380
38220
23630
22784
11172
11729
12273
1996814
505
431
822
712
858
816
801
820
762
810
870
835
827
861
983
858
846
778
812
877658
43414
417050
24606
22274
17213
23695
15492
6599
13805
7736
13170
19843
800
776
667
752
973
965
1196
1127505
11219
729
946
819
826
811
770
840
868
831
805
863
795
899
787
794
1024
865
749
974500
Xput: 14576
