1275
268
251
340
240
263
264
294
318
315
264
265
208
191
192
193
188
195
194
189
194
188
188
279
188
189
193
189
187
190
187
190
566
274
270
261
266
266
270
259
260
261
261
263
258
267
315
266
264
277
267
258
469
267
260
267
262
270
269
264
269
262
263
265
400
264
268
270
258
331
264
425
274
257
266
255
262
261
262
294
233
243
234
239
239
233
242
233
243
240
233
241
306
352
251
244
235
254
248
239
239
248
237
241
243
245
190
174
171
178
174
173
177
173
178
224
172
177
185
394
174
175
175
176
173
177
173
172
176
174
174
176
172
172
174
173
173
174
219
174
172
173
174
171
174
175
171
274
176
174
173
175
210
186
182
181
184
181
182
188
182
239
182
181
182
182
179
187
181
180
187
181
181
185
183
182
184
200
182
185
181
182
183
183
241
185
183
182
182
180
180
183
181
185
181
179
183
182
178
174
173
173
173
173
171
183
174
228
176
174
171
174
173
173
180
172
172
184
172
175
174
176
173
172
172
176
172
171
176
178
228
177
171
174
177
173
172
176
172
171
174
171
176
172
183
174
171
172
302
673
177
172
171
225
174
173
176
176
181
175
175
181
175
174
171
177
173
173
177
171
172
176
176
175
171
170
232
175
172
175
176
172
188
171
175
176
172
172
177
171
190
173
173
176
172
173
177
172
173
231
174
170
175
172
173
181
172
176
179
172
174
171
176
178
173
170
177
171
172
175
173
175
232
173
179
173
173
174
176
172
174
171
173
179
171
173
190
173
173
172
173
177
172
174
176
251
173
307
174
177
176
172
177
175
172
173
176
172
177
46283
637
758
619
977
676
568
705
676
698
693
697
680
756
697
674
1043
702
666
1077
1404854
553
428
250
1062
812
1212
783
1379
769
873
1030
1243
729
1075
654
1169
748
880
784
1421717
454
998
862
895
832
816
993
765
859
857
1330
765
892
785
981
1010
1188
335
1008
1396997
984
511
658
310
1172
1372
1011
445
1194
460
965
520
1256
753
719
706
730
735
375
1390829
528
601
493
596
789
1129
963
998
898
781
828
743
704
825
810
886
823
662
667
1405130
374
1172
693
758
563
384
1036
889
1122
465
776
729
1028
478
969
552
825
1005
404
1346163
654
841
888
794
480
879
446
1260
1057
493
1078
569
522
1036
619
1019
566
526
888
1339937
603
444
960
1011
393
906
919
1263
1072
532
1050
430
1061
770
768
534
406
791
701
1343383
3737
2060
1007
371
1336
935
978
849
744
982
872
845
822
847
1115
1078
931
690
636
1372872
957
907
983
872
803
1015
797
1112
882
665
834
805
1145
995
855
713
751
835
853
1386910
1840
717
1132
607
291
521
277
1096
425
1084
730
376
678
360
669
510
683
391
446
1452388
3206
912
674
567
1433
786
934
1288
792
1306
868
923
857
740
811
701
824
811
713
1346415
669
330
948
372
1245
1144
485
849
1149
1095
696
746
352
285
939
819
785
743
1106
1403763
3485
491
841
681
624
744
1582
729
678
763
699
1079
729
742
697
697
1411
495
759
1369135
1335
3940
705
623
716
884
750
809
761
819
731
697
720
688
726
688
712
715
689
1422161
457
713
671
644
803
962
762
1317
747
752
839
757
776
795
801
754
771
778
745
1452573
420
786
737
654
614
1440
719
770
1285
474
510
672
720
554
1188
680
375
347
640
1492140
448
357
796
710
658
676
820
699
634
701
688
685
1057
690
735
701
702
701
698
1359738
614
439
369
777
642
892
702
1163
900
687
738
709
686
669
920
673
723
727
714
1356592
464
348
595
359
721
1072
648
1170
725
666
729
692
730
662
705
710
679
676
739
1428608
470
373
779
948
460
997
391
1032
592
383
758
751
770
743
399
769
865
388
702
1412419
496
429
539
411
703
1228
658
1060
1035
699
695
705
668
675
759
882
624
718
696
1378291
439
929
724
714
707
1339
927
1022
719
717
742
717
729
714
693
728
686
702
699
1375872
387
1172
701
689
693
689
780
682
689
738
1180
831
968
700
735
748
754
641
685
1306605
790
692
616
696
690
1057
680
1410
739
672
672
706
632
647
674
756
636
635
666
1387343
400
341
724
683
710
1010
574
1165
566
622
667
661
753
673
642
666
643
647
1008
1400584
4353
696
626
692
616
687
1171
1279
652
1156
705
638
720
777
640
649
694
653
637
1420494
10686
688
642
640
575
664
1248
865
652
1195
1484
997
387
395
334
664
637
329
311
1387928
465
1537
446
483
461
640
317
1000
603
575
566
334
577
514
553
561
343
617
538
1354939
504
427
411
414
332
403
690
368
675
328
381
619
380
727
345
595
382
580
320
1365567
413
433
468
334
329
385
639
361
603
363
648
618
358
600
575
554
612
326
519
1332671
5614
687
615
587
704
878
949
794
700
641
678
916
871
653
688
716
7588
329
313
1367680
331
3353
1360
438
1994
336
1837
444
2440
394
840
694
989
703
758
702
730
379
597
1398802
914
476
915
473
404
714
830
780
1090
517
1276
463
325
1122
1035
1056
368
1033
985
1346927
905
482
394
939
904
1187
924
956
1060
763
932
1062
837
928
1009
801
884
909
827
1324570
389
485
235
952
956
1937
612
960
518
452
464
875
943
987
510
805
814
1315
478
1297341
3016
504
574
641
447
409
1130
1319
350
1108
1018
653
829
675
963
804
820
663
594
1300287
1098
397
721
1027
776
764
924
594
807
1295
733
1458
764
316
690
1134
879
949
605
1283831
778
655
788
873
850
817
851
794
1228
857
742
1489
870
675
1370
996
584
895
755
1269687
4000
693
1200
766
1336
1012
503
1770
474
433
440
484
444
414
859
944
1020
729
423
1279330
884
1237
1254
1365
855
924
896
720
831
1128
859
360
949
695
813
921
579
786
1061
1283036
454
1304
834
826
1015
648
1224
796
768
1109
637
813
937
598
721
1116
730
853
799
1260209
714
716
659
819
1293
961
887
822
728
604
959
890
653
839
1195
801
632
811
821
1283428
691
893
738
776
1212
965
787
693
575
1560
362
1433
610
794
783
740
710
843
653
1261618
9328
894
917
890
927
675
609
1143
1130
761
1236
786
627
651
1047
619
867
843
611
1264635
1117
853
896
830
975
480
697
761
767
2969
452
491
450
365
370
1062
973
460
761
1288539
1001
424
978
862
802
921
1308
1231
425
923
745
811
977
874
907
899
1013
395
752
1273856
1052
1057
831
813
1584
976
793
3949
374
479
365
422
345
335
2524
416
436
476
353
1275514
416
1269
939
338
1289
1038
621
701
870
896
711
723
782
1127
502
347
764
950
799
1280603
3461
758
886
949
449
1316
491
512
1031
2679
518
459
2438
368
393
1084
447
312
235
1276467
8332
1030
758
692
1149
1051
889
852
1469
849
1344
381
680
713
1175
752
642
776
868
1260907
756
980
869
1052
387
697
734
843
1715
915
528
1541
434
421
742
783
2520
341
250
1270144
432
1420
860
1099
386
1614
485
433
420
9174
342
407
418
326
297
302
294
292
241
1263378
724
2325
468
296
1444
775
464
404
366
1057
988
707
1516
1419
535
454
380
1115
741
1274653
926
3891
1050
1897
517
328
316
329
349
726
820
838
962
986
728
1043
1115
1691
370
1299728
2106
1750
850
1020
1261
1215
346
668
661
602
562
637
587
585
635
572
573
617
888
1279875
612
2923
1775
398
308
1488
397
338
917
357
753
701
398
778
1434
785
789
539
761
1301368
5030
676
1027
872
837
1126
773
705
897
342
957
870
692
687
752
819
980
1179
721
1272314
460
810
1457
399
412
356
1042
829
735
692
1128
789
573
938
831
640
866
869
644
1275224
1321
446
990
1023
1228
786
1044
1328
965
1013
944
847
841
895
781
611
1132
763
620
1276434
2310
809
625
811
825
915
1087
434
919
1130
1029
512
1847
463
371
1262
705
730
615
1310915
6618
1665
351
750
635
3224
423
432
439
421
385
620
397
660
949
1044
750
675
706
1273561
1569
848
871
766
798
797
789
1195
1108
792
1051
647
806
1320
3017
354
364
262
305
1346217
376
1501
791
996
604
1677
519
501
491
1165
440
342
754
772
708
771
723
737
1055
1283415
739
1070
881
1295
979
418
1007
1060
705
781
1309
1029
665
800
1251
633
706
672
666
1280504
476
394
1003
929
961
863
945
1056
663
815
785
943
863
931
969
868
1494
330
234
1298742
389
911
686
801
812
806
666
822
1243
771
740
1247
468
389
341
1083
789
1037
708
1293830
2145
838
678
1466
360
1451
343
827
1216
574
713
1220
675
705
1125
565
803
1204
639
1305060
1442
685
1138
976
433
1597
432
1520
378
1877
796
548
2822
367
371
1373
784
271
248
1349960
1033
2835
611
759
1230
719
879
748
693
780
1089
631
654
934
1100
790
698
1045
570
1313915
5107
3099
378
1707
901
954
850
964
1038
748
1006
1474
1115
846
1100
819
988
666
1085
1291531
464
943
1644
443
412
481
387
947
833
939
7959
432
286
291
285
288
282
279
310
1364534
1795
625
335
332
361
571
712
344
708
376
700
341
621
374
566
552
655
539
342
1291452
401
361
349
432
375
635
369
1030
768
605
575
423
669
381
626
459
391
651
313
1284193
435
452
411
423
325
347
755
358
332
726
336
592
350
713
405
654
407
445
312
1288387
499
430
393
327
1037
775
790
561
639
681
638
638
709
742
583
555
774
854
633
1293191
415
361
359
430
332
634
391
637
337
714
335
783
333
360
612
354
621
589
545
1287819
433
353
352
409
379
322
979
613
368
730
337
591
383
579
351
622
557
699
326
1272246
2333
431
890
475
347
593
615
703
575
812
571
654
957
497
391
692
620
780
639
1271593
363
1434
761
745
652
729
721
748
806
656
792
682
671
753
929
602
709
672
900
1301814
1728
701
1011
860
1442
867
998
760
1113
855
850
1186
852
1000
876
801
854
810
741
1293276
508
380
411
315
1302
666
825
1102
648
663
1108
639
729
666
716
644
777
704
587
1252045
2057
695
697
830
694
1153
662
785
813
645
757
678
743
633
761
658
736
669
1224
1261551
649
460
369
757
629
772
988
628
752
1154
662
713
670
720
679
719
658
744
536
1289308
8401
741
923
806
976
764
887
1021
1225
623
854
1161
609
872
850
741
781
758
651
1334941
852
754
714
717
1401
2448
506
735
295
375
1043
375
520
375
1116
488
466
740
268
1493609
467
401
806
654
747
610
680
823
762
780
1279
866
916
471
388
392
916
472
1167
1450809
859
1915
928
720
1119
899
770
979
652
925
800
674
775
805
747
850
1209
886
588
1396924
581
1199
383
409
551
401
738
616
823
509
1252
790
1294
481
409
767
909
375
352
1490279
823
369
348
303
3209
632
848
480
431
483
543
615
1096
675
728
1475
773
789
685
1377243
979
815
808
765
1097
504
870
775
777
764
1054
790
518
1550
634
989
468
472
309
1444573
714
1317
740
807
891
666
665
910
787
670
649
1109
763
718
1077
551
662
1391
679
1399826
551
415
444
289
372
894
828
1237
397
650
657
432
676
322
627
565
612
287
283
1269639
870
585
379
665
704
503
592
482
707
514
625
729
371
645
422
736
591
274
270
1285843
1550
3822
683
1105
469
659
488
273
888
795
358
1016
605
712
449
593
307
282
1201
1279867
730
349
282
940
977
789
886
738
771
725
684
810
722
691
772
1210
598
698
418
1261641
740
387
379
293
905
822
414
328
625
768
745
543
392
721
397
405
595
519
262
1355061
325
1005
732
757
1486
954
493
922
761
792
702
781
901
990
319
748
721
838
664
1276964
397
595
649
795
757
738
967
1109
719
864
761
625
624
930
768
956
724
747
576
1282098
791
512
372
617
572
672
396
710
665
362
617
523
917
364
701
391
657
323
316
1290384
508
391
269
1125
813
1325
796
389
1575
744
818
523
916
468
824
692
694
833
787
1263666
819
2583
1012
373
1344
888
957
742
962
726
1322
1055
716
779
715
736
791
760
650
1255269
5304
749
904
483
919
386
1206
737
739
907
770
840
753
729
713
765
966
371
684
1282097
2972
840
309
1030
721
1007
1059
770
1037
870
766
884
736
761
684
801
744
817
680
1266861
367
777
980
390
850
794
1044
879
755
776
763
809
767
892
867
767
1526
426
349
1275080
660
441
413
651
1137
672
1178
732
672
1312
980
681
827
699
702
705
683
676
663
1280101
1082
852
607
803
715
809
694
666
876
811
662
708
928
710
710
678
681
714
781
1274097
481
596
377
478
425
375
697
675
466
463
334
614
343
799
360
328
678
530
341
1272628
3424
1160
862
831
884
730
802
874
1070
842
776
757
708
762
709
701
731
700
710
1285779
461
295
731
677
651
853
718
939
770
712
736
729
719
733
695
779
798
669
681
1273694
10233
2637
825
2279
880
908
881
1057
858
696
1119
793
843
785
934
1131
738
742
731
1275727
609
531
456
688
1431
670
1505
772
1067
1017
901
895
825
1057
960
820
1126
769
873
1261659
497
382
775
731
691
888
625
777
1097
627
735
687
763
601
722
680
747
871
956
1266366
494
441
431
372
713
647
786
673
843
679
780
640
721
650
758
676
769
770
1107
1270410
355
343
763
723
792
627
854
590
631
691
728
703
896
699
685
790
706
654
956
1266296
457
245
666
748
714
1107
683
701
1292
703
771
779
709
706
801
666
721
724
723
1274761
1102
830
688
759
673
740
1013
689
1289
802
751
716
755
680
696
738
699
1364
407
1288617
345
770
795
619
1183
562
1132
785
878
1042
724
759
707
704
716
996
686
920
687
1317462
401
2762
1003
785
826
866
1382
764
916
729
771
717
708
731
711
718
701
740
697
1293692
524
423
510
363
441
390
716
360
340
721
632
409
461
367
677
340
383
595
324
1287485
483
1028
480
761
1100
765
972
807
717
992
813
747
743
726
737
1498
779
345
2010
1285455
680
323
795
1100
1338
890
4005
386
430
489
447
408
481
353
1102
1354
371
1006
741
1433918
512
849
864
941
454
1301
563
408
802
745
663
703
948
1138
325
1047
605
801
610
1384019
512
988
791
797
1204
700
1158
804
809
1165
888
809
703
941
884
711
655
847
2282
1293851
947
1596
541
500
453
1441
493
648
524
1107
504
798
749
958
588
1374
338
638
1001
1285786
496
942
374
1072
1021
905
1907
464
691
496
926
1103
312
878
559
707
385
797
310
1289455
476
926
962
678
1105
852
1032
785
829
911
824
1227
670
693
1136
645
708
636
786
1263065
5946
1198
377
871
1052
841
603
1138
1570
784
584
355
357
356
651
812
814
855
1153
1276417
660
1156
781
950
904
1189
925
1084
1279
756
1499
831
1273
701
685
777
684
606
1032
1283492
355
1491
946
668
1062
907
871
1444
905
273
3163
448
458
433
431
328
892
724
841
1314418
644
1075
883
733
966
695
929
1274
815
423
749
2674
419
419
394
412
353
1305
394
1284873
5468
843
1090
800
835
1059
1036
334
832
1095
718
823
980
1702
409
350
355
340
662
1277102
414
334
872
870
898
938
726
1434
805
708
734
797
678
635
789
903
752
754
704
1278841
1042
791
854
880
3350
516
429
400
404
471
389
478
353
322
1192
881
828
890
771
1272944
870
610
780
1117
661
887
966
939
341
984
665
896
995
565
825
1054
736
617
766
1262136
805
980
810
745
1173
686
755
1443
5769
681
453
493
397
396
399
407
273
330
268
1264609
744
874
733
741
985
1006
369
1072
744
608
1352
889
592
5401
395
263
275
272
248
1272426
598
461
861
765
873
795
1241
518
818
1193
830
518
447
820
733
1231
1597
401
308
1265762
662
697
851
968
774
652
888
959
791
777
735
751
672
873
657
615
882
1111
1117
1272275
4481
1217
453
911
873
1075
980
804
1592
667
356
1059
432
397
918
721
753
684
683
1257881
2623
7461
1063
475
919
981
809
761
1265
2376
476
372
422
350
773
903
913
1207
282
1267638
365
1450
903
453
831
846
757
354
749
800
750
725
878
3996
375
337
374
751
315
1283768
393
1039
640
726
816
688
860
759
722
725
1207
1074
338
1011
768
848
715
657
713
1278160
3075
797
909
766
864
855
775
715
1498
732
788
1821
762
970
788
762
830
607
880
1287834
1620
379
364
855
873
869
909
1019
703
1898
891
865
871
449
4532
357
255
240
240
1288024
1037
579
822
522
921
623
1398
1166
472
394
860
595
481
1049
567
339
832
874
694
1345536
1291
1945
939
672
838
546
360
699
334
697
848
357
864
505
338
706
278
756
1440
1324456
478
359
714
291
946
684
632
658
595
596
609
515
605
859
1067
1266
546
626
1149
1259944
418
897
868
936
1054
718
715
596
767
729
1250
1259
382
760
758
768
851
695
1265
1392777
547
482
444
429
875
860
975
410
868
817
875
1125
1011
614
1028
446
487
811
672
1317639
4710
2209
904
785
785
812
1138
697
741
697
744
875
735
737
726
687
752
901
676
1257620
575
740
459
828
852
1103
471
808
792
3873
507
481
452
459
419
633
352
291
301
1268423
392
716
680
582
761
1153
880
676
754
801
923
686
803
768
738
1027
2706
373
287
1400174
435
867
339
772
817
819
805
749
1375
686
847
1058
762
764
786
752
749
769
679
1272810
2534
730
842
845
969
681
877
754
742
1159
730
776
702
803
798
820
829
887
695
1259827
644
964
782
804
872
671
857
776
1244
619
921
899
952
719
716
753
715
810
559
1288105
6290
791
458
607
422
458
896
453
676
449
411
433
905
542
375
631
678
637
556
1265446
398
724
798
480
304
707
794
787
609
589
587
609
587
612
606
615
625
657
609
1280953
417
2400
398
851
1086
807
862
1396
418
354
901
924
1125
351
939
1268
543
341
699
1278805
712
877
1023
823
1084
779
597
720
1182
681
832
721
805
742
799
812
1288
545
365
1288083
601
356
696
858
352
332
969
791
652
616
522
592
620
577
550
923
780
314
603
1409357
439
611
931
694
1166
979
752
398
1250
1087
405
660
4741
386
387
417
338
332
250
1275844
2146
725
1095
933
846
955
858
880
1205
1212
881
968
796
868
1003
789
811
843
739
1275910
486
1161
725
909
768
740
822
765
820
840
852
784
742
861
868
661
748
796
798
1283460
392
1002
999
738
890
836
1288
543
955
344
1174
740
1279
639
854
408
1139
657
750
1272559
6579
664
1539
681
630
779
989
807
1340
690
853
774
779
778
776
724
768
761
679
1283281
1955
3182
804
971
817
912
774
1044
836
859
798
733
1223
592
718
1827
363
669
854
1265165
1179
1267
417
818
833
811
881
782
928
903
1244
544
800
631
904
789
682
1072
677
1262884
3976
1007
481
921
875
863
884
718
569
677
938
1477
748
351
944
627
783
830
1172
1277588
428
1446
750
779
943
698
2685
478
485
515
447
474
453
486
2609
429
274
239
240
1253781
792
2316
1384
452
859
861
913
804
695
843
907
806
1220
798
752
842
862
902
732
1418197
417
1324
398
1007
858
886
857
851
650
882
665
846
1313
1138
558
888
346
1107
618
1279212
816
4961
401
354
393
563
376
381
411
340
359
401
335
728
808
817
777
587
610
1260739
765
650
629
621
664
476
438
352
933
1170
1011
828
780
740
1362
786
809
800
641
1290446
1279
484
815
805
659
814
796
929
747
652
619
2935
451
652
428
426
379
746
665
1367097
578
500
477
489
918
800
1080
529
843
728
993
767
812
1414
336
768
1113
853
555
1258444
1601
882
1207
1329
536
452
809
1186
948
509
856
855
790
608
881
816
840
1187
669
1260297
5057
838
873
650
780
1329
1293
823
1086
807
406
973
1079
342
733
1203
719
693
594
1255478
1280
461
793
945
1126
821
1421
409
1833
1068
880
1041
828
1726
885
1363
853
608
767
1260490
456
4471
543
463
442
449
444
465
443
445
550
382
1383
488
988
884
841
884
770
1266581
581
1467
518
388
372
821
1092
1125
877
501
950
758
764
817
759
737
635
748
1307
1355174
480
1082
789
959
1450
544
1218
526
1000
523
743
1263
724
470
773
746
2593
384
360
1387055
1627
969
775
804
819
450
10989
444
472
432
394
426
417
426
429
415
424
346
345
1342611
5253
435
1299
469
793
708
1570
780
773
824
836
836
731
681
1420
1596
832
595
678
1254322
1134
412
718
931
794
734
775
842
813
745
825
999
1157
365
846
514
289
856
1044
1249221
439
1423
820
801
1842
365
1302
394
373
685
943
769
756
896
627
1007
908
722
603
1238959
1006
792
400
692
1078
600
703
1197
702
727
794
1344
739
675
765
706
746
1196
282
1235779
599
1049
659
832
979
706
1175
371
1210
336
930
1051
772
722
721
1023
758
785
811
1352403
427
448
871
1384
346
348
822
337
1507
473
348
305
1209
770
775
986
773
417
591
1354761
987
398
1045
1054
1033
5420
372
345
337
360
1423
376
339
1356
780
771
680
2066
429
1426654
816
319
887
948
959
1241
742
687
1086
366
813
738
787
1321
751
1202
681
607
747
1370434
442
344
882
773
972
875
924
873
972
647
893
693
3309
612
381
432
354
243
240
1328116
4683
417
1030
952
2063
349
792
4207
346
307
336
312
1335
341
320
309
3736
328
294
1333861
443
653
400
790
692
980
946
672
903
965
784
768
779
1265
727
953
312
743
916
1319552
410
1136
437
772
772
814
684
629
2274
438
574
360
626
928
791
881
1818
916
287
1356865
678
1168
726
722
796
2840
569
350
382
279
305
654
1053
728
719
3704
543
303
247
1291908
450
841
777
431
759
372
784
885
369
921
394
803
347
1133
437
298
770
958
917
1279244
533
488
1162
467
899
1132
399
764
703
946
614
706
1073
574
661
4536
482
340
341
1269220
3086
473
1101
396
1070
1137
724
682
1443
912
736
6800
319
296
304
292
309
320
330
1250897
381
1228
345
1022
1559
527
476
859
1076
891
864
670
837
837
1193
664
611
783
610
1247066
6842
675
1139
712
660
972
684
603
1138
930
516
769
886
815
923
1192
696
588
1154
1251499
610
1487
838
959
787
739
1077
1222
809
688
673
1070
694
1067
763
727
897
801
695
1258053
3880
2818
847
767
1967
696
360
705
976
522
341
662
707
614
285
801
880
1147
816
1255049
2969
1204
1407
398
1236
311
662
406
1769
910
1208
578
762
509
1343
396
335
732
842
1259119
732
743
1130
1375
783
558
1070
890
639
969
796
691
1328
809
1199
981
343
751
779
1280677
3625
980
615
2103
364
1388
749
752
1329
516
385
622
2145
475
452
332
1003
759
622
1484445
1187
974
434
6142
392
371
337
361
336
371
331
3133
353
240
247
233
243
242
237
1444385
435
1425
719
325
851
1374
1731
1944
1694
2706
1029
808
813
423
1395
805
787
819
349
1348939
962
345
1015
782
882
1105
719
1320
704
764
741
761
651
1667
453
1314
429
718
327
1309055
570
443
1155
659
523
597
404
419
744
1050
538
552
387
877
859
1075
324
1353
669
1285842
2165
364
1002
1388
466
1131
397
774
1179
641
616
406
333
1339
1058
791
1061
962
1050
1275931
482
612
415
350
1230
603
435
480
1200
722
411
721
660
500
330
890
841
771
901
1267930
1284
785
1098
702
500
611
434
592
416
1016
683
642
595
590
429
1067
875
680
1155
1287058
586
427
388
1147
652
516
619
373
1094
692
554
573
721
506
624
606
487
340
861
1282334
2254
653
590
343
1028
1403
407
369
1199
722
358
1055
685
785
4955
682
672
525
340
1276356
470
427
1230
461
428
1036
1355
412
428
413
843
592
762
863
830
782
882
1380
279
1271959
401
778
1061
323
580
879
765
874
792
766
683
969
725
962
860
831
850
995
800
1277088
495
452
418
353
1307
497
326
315
1372
483
341
751
997
621
397
811
627
1141
724
1272107
358
750
384
451
617
813
753
969
423
337
746
630
900
961
429
371
886
706
768
1277021
403
781
990
306
753
822
773
659
603
659
755
742
935
838
1168
935
894
771
647
1305682
1156
833
1116
264
1314
333
692
264
714
845
720
598
777
1103
1547
482
346
308
800
1292775
1028
386
768
1012
968
939
432
762
1123
995
1314
865
1013
1434
966
759
932
437
825
1320056
2357
1061
854
1150
1521
875
924
1006
899
1029
616
1058
717
983
765
990
919
889
901
1289686
442
2719
381
1538
828
932
779
698
1091
1196
736
679
980
941
1459
1013
1001
1171
1440
1267544
4271
485
543
727
583
754
512
501
400
389
408
420
405
513
936
395
845
1772
271
1285601
873
3824
1120
1414
726
835
1332
1043
756
1123
528
4722
358
333
307
336
331
1041
317
1288710
1189
421
758
1042
1040
1607
496
1755
477
444
423
451
430
416
414
1107
536
1305
1581
1291140
1250
427
468
1011
383
911
726
1114
1246
1301
364
1127
1509
360
778
2683
647
244
242
1321404
4217
349
766
719
711
651
788
522
627
726
741
538
576
713
781
672
711
682
335
1295225
1825
952
893
1195
505
692
748
317
584
627
722
319
584
635
702
574
593
380
357
1298031
1176
736
327
591
756
506
449
434
662
715
387
648
602
666
508
661
438
368
383
1279410
755
501
622
317
683
534
591
518
684
331
670
561
737
648
385
691
721
482
282
1265676
740
402
566
715
316
742
380
684
687
547
684
498
386
640
468
616
588
575
390
1278507
568
407
727
634
1174
350
836
698
863
854
735
847
651
748
820
893
691
1386
404
1270199
821
803
956
770
837
713
753
878
731
937
764
776
901
726
733
832
835
681
730
1272635
837
822
1292
810
745
1076
910
288
1296
776
726
755
783
722
734
958
663
867
830
1277918
3537
865
743
833
799
865
997
767
894
705
1340
750
747
786
734
744
886
671
783
1259543
10048
1045
249
856
1186
697
1452
751
728
872
854
773
771
924
2850
858
348
1081
351
1305096
3240
386
1423
816
841
1298
560
825
544
1420
501
449
490
1027
1059
398
1984
559
345
1306077
423
1148
1531
1012
771
722
1353
730
1050
1194
645
1554
765
898
929
1169
664
713
582
1272739
1363
626
1236
404
1082
855
1276
353
926
1180
829
1011
1498
649
696
1179
727
988
1133
1289300
2423
893
1261
987
483
959
1257
464
482
850
931
1151
361
1445
782
354
324
697
304
1318455
584
356
790
694
793
776
3179
302
359
487
618
370
377
1139
699
413
791
912
1053
1341448
659
839
435
960
333
932
644
587
1103
479
554
684
457
510
417
255
386
291
337
1299730
633
769
698
745
733
399
702
596
507
304
713
742
844
617
681
647
664
351
327
1359812
749
761
567
696
752
732
687
794
748
817
916
536
613
510
616
512
339
266
273
1422501
727
707
746
664
694
730
729
733
728
763
705
639
519
594
487
398
516
323
299
1406863
677
458
564
438
673
354
676
528
740
619
567
577
722
580
706
697
656
419
347
1373431
1064
558
465
511
341
731
691
624
512
657
771
712
587
1043
663
325
305
300
299
1367416
1253
394
462
383
354
366
404
985
385
388
938
537
706
537
498
857
880
332
306
1383403
779
742
558
496
368
608
524
597
382
536
558
657
542
614
390
589
408
271
271
1348233
608
772
351
635
571
579
720
400
657
257
593
548
519
664
294
360
405
326
364
1297288
774
360
700
301
574
735
312
309
473
553
721
581
387
613
574
705
337
644
384
1290459
728
563
406
407
1109
385
721
960
738
816
397
1154
716
304
971
744
305
1119
661
1277620
747
402
670
358
666
700
412
618
630
596
325
574
639
584
614
380
566
672
394
1263583
757
273
367
755
298
593
452
556
583
681
411
493
604
637
449
671
256
483
264
1280044
815
386
273
596
347
437
288
438
452
1038
522
657
471
666
372
653
730
361
281
1261853
3986
1889
1124
554
578
643
542
543
663
310
330
331
956
849
276
718
1044
373
254
1268234
758
388
649
494
666
337
1062
514
726
303
560
604
717
371
677
551
590
628
276
1273368
1065
481
832
363
436
313
547
398
342
1078
694
720
332
594
556
693
479
528
279
1271304
2043
795
1106
488
506
343
327
1173
392
468
996
404
742
633
936
687
539
484
405
1274132
809
327
322
257
334
259
1255
511
531
373
425
902
451
290
768
428
750
301
655
1269920
454
445
1551
698
684
782
699
757
749
597
321
698
509
417
683
409
646
350
257
1276030
346
846
801
809
675
756
743
727
941
787
1437
807
956
1100
1127
422
680
657
790
1280953
410
952
636
662
465
339
659
424
311
724
588
352
618
668
364
733
375
546
539
1283258
2213
778
846
343
373
711
326
888
637
790
601
668
342
693
331
583
542
675
328
1271343
2332
1026
713
345
722
449
473
368
716
318
1063
542
556
852
559
535
650
542
555
1268136
408
368
690
691
343
702
338
332
676
681
414
635
340
358
706
334
589
678
319
1284320
442
358
336
430
417
380
552
427
343
678
329
657
526
474
333
616
369
580
566
1284282
1817
754
731
663
600
392
464
378
602
317
1100
569
530
622
582
570
581
606
638
1276017
617
445
422
402
407
458
414
426
433
408
320
364
610
350
630
366
649
354
584
1269951
7923
335
760
705
339
708
650
603
641
562
637
337
565
867
336
392
579
309
661
1276650
763
407
402
464
333
411
401
420
381
355
669
418
5089
582
745
777
877
708
707
1270349
411
804
897
684
630
582
749
598
589
673
334
571
633
447
408
651
352
363
578
1280949
439
405
387
367
918
413
454
452
341
606
409
632
360
582
539
426
590
636
595
1277273
426
348
365
451
333
419
384
811
727
340
742
347
629
647
530
334
590
367
589
1283733
412
603
345
377
457
339
391
319
752
775
671
604
569
364
677
391
752
350
557
1272179
3057
379
789
670
457
372
722
600
733
600
679
331
566
628
315
632
565
584
517
1276895
420
2996
828
339
396
808
334
556
1009
721
336
687
330
743
331
544
561
714
329
1295881
448
411
479
367
638
643
648
590
614
667
801
686
380
656
373
545
541
523
626
1275443
532
756
368
624
904
595
620
680
360
585
589
778
351
350
601
644
494
335
811
1292423
444
314
639
734
691
723
734
708
1128
885
772
737
733
688
818
615
896
704
677
1286435
437
349
331
1356
650
678
341
561
672
372
746
567
555
565
610
338
578
402
568
1291976
426
3653
693
784
838
690
721
932
1030
924
854
768
755
743
725
751
692
688
711
1293744
476
318
699
680
748
697
714
745
905
699
772
737
999
760
837
640
930
673
689
1278458
8065
705
740
712
972
2362
370
913
1418
687
297
352
704
953
1005
491
854
425
718
1283024
2040
382
1040
284
606
549
1149
256
964
806
344
595
1546
362
998
705
416
1126
342
1269393
445
1080
1381
1065
671
757
1300
1069
810
723
1436
758
711
1144
762
1245
853
683
783
1279912
413
1129
777
755
935
869
915
898
1514
849
971
1067
754
994
702
3197
421
367
346
1319617
845
976
806
738
894
999
744
881
1445
864
816
903
911
1228
1567
412
1273
830
642
1306498
1242
459
517
890
882
691
683
1704
423
703
720
695
638
865
1189
652
831
1391
639
1399086
549
1254
376
1054
408
1304
824
351
851
3894
504
377
388
436
375
328
374
362
791
1273517
1079
873
863
1662
305
1040
1120
889
722
713
1266
602
727
748
3032
460
564
248
262
1267927
698
1337
936
1298
689
1240
455
913
777
929
1045
803
1126
843
685
828
1766
908
366
1280687
376
960
1246
860
887
1238
1045
445
391
803
928
708
686
862
739
731
670
656
705
1316712
820
1406
632
480
1098
951
846
912
897
883
1033
504
777
768
1423
483
400
1211
333
1310383
1047
416
1146
1018
867
713
1314
746
719
897
872
1194
794
386
1324
422
824
1270
1835
1298082
3960
872
1619
442
618
381
381
310
1120
1273
826
1354
789
1000
448
3502
465
392
562
1317721
375
1055
964
863
817
787
810
801
792
668
792
4219
369
394
327
1208
1136
307
246
1315933
4001
892
945
847
967
1072
805
717
780
1112
462
416
1779
1579
454
362
1278
390
333
1306525
745
1042
864
839
830
909
868
744
1388
737
915
507
888
617
854
1155
733
600
906
1264662
7621
915
643
752
1246
4138
562
350
768
373
385
375
429
374
377
377
893
823
788
1272436
772
1026
342
1202
1392
707
454
883
1034
394
966
1315
969
409
1151
802
350
732
773
1275115
860
1380
537
1163
388
951
1044
1135
791
832
999
941
764
1220
856
783
733
963
746
1273836
962
3736
786
12008
514
383
265
263
267
289
290
322
438
339
319
513
249
247
242
1302394
2816
461
355
420
458
777
914
2743
400
376
339
360
305
816
974
922
1332
665
706
1307297
5762
3353
710
715
615
688
1793
892
354
1077
394
372
736
751
2831
418
391
275
243
1281686
804
3012
342
677
384
535
638
682
262
601
1057
407
568
632
340
1059
324
406
316
1297718
453
1224
1204
761
400
623
317
1013
534
654
482
714
759
351
700
610
439
705
276
1321675
569
739
559
847
695
710
503
526
441
1142
697
401
663
660
581
602
539
390
324
1293725
581
636
445
674
739
716
473
640
442
611
696
306
584
654
387
583
630
443
364
1309964
3220
429
1164
452
609
319
956
353
345
348
713
471
963
360
350
964
661
421
285
1295981
632
697
441
623
520
831
463
655
492
747
494
682
426
796
761
561
597
714
292
1298489
9747
1044
469
646
502
628
557
516
596
691
656
666
768
763
415
628
423
605
381
1315919
832
505
498
625
623
668
590
406
705
728
373
601
336
486
740
382
790
277
240
1296407
729
619
363
1178
903
997
357
882
309
1146
806
282
1021
848
882
392
654
788
595
1306085
621
727
500
531
705
690
486
684
751
651
499
614
730
587
622
964
588
366
302
1315018
502
342
753
764
1574
949
270
2088
1874
397
1266
819
980
861
906
905
944
2422
278
1364769
437
264
353
573
941
444
1505
442
410
751
376
792
419
847
390
739
313
945
618
1317630
415
771
1127
306
705
736
789
779
664
773
1150
938
922
1117
1285
832
368
886
989
1294090
650
1560
847
847
1069
825
616
955
904
817
946
731
845
708
802
734
772
752
665
1277582
4762
784
612
858
647
983
687
1307
1223
402
905
848
1270
946
759
334
814
980
1146
1291659
862
1389
315
932
1114
633
2990
447
526
370
372
1583
837
355
825
1613
647
786
903
1286166
701
832
914
673
954
764
726
1021
916
827
819
855
783
877
715
3341
271
238
242
1273347
697
1197
389
915
754
903
655
1183
797
751
819
1589
752
333
722
1427
1208
1717
1383
1316670
440
778
1070
1079
1266
1070
397
1066
3372
442
365
1768
416
436
462
431
428
340
238
1282105
402
1314
786
1318
2143
367
286
404
1014
752
267
760
685
756
851
627
797
1029
771
1292321
429
646
982
818
751
1420
656
920
742
984
728
685
1653
1874
1701
531
425
1072
431
1280641
1121
565
468
851
1007
496
858
875
852
1050
512
837
1749
1707
455
473
2103
441
423
1280663
8925
886
250
684
784
742
775
834
740
716
755
744
1047
692
764
726
733
2080
321
1277044
854
1154
835
1368
614
757
1337
710
824
766
1625
331
729
3575
358
374
1468
326
319
1285172
9611
1178
495
841
1046
864
944
866
853
804
916
1688
433
1729
794
324
720
366
624
1276457
1317
371
888
954
1196
1130
938
777
679
718
932
1157
875
911
993
904
907
1552
903
1333552
3401
774
936
502
1586
860
941
976
362
755
867
1055
918
787
1166
2362
918
734
306
1342703
2170
759
1167
712
673
761
1221
787
869
738
832
876
1298
604
903
1304
685
828
1225
1357153
540
332
1146
779
765
1365
928
496
2257
453
447
370
316
316
600
3616
393
306
244
1358206
506
783
377
4617
455
567
450
430
427
405
622
452
366
442
433
472
364
1060
248
1351658
426
9734
761
2406
459
248
1172
330
1055
918
548
1224
796
690
617
808
2266
380
312
1319404
414
1298
368
4372
603
338
324
340
967
354
1899
614
1535
684
249
1067
1154
701
567
1342712
470
314
1026
839
675
1342
710
622
774
1289
627
833
842
1238
777
797
611
772
1076
1354541
524
576
3507
383
351
319
1161
833
806
1124
356
1103
803
512
831
1356
417
851
1027
1309922
5980
780
991
457
837
1328
3667
524
481
466
416
438
461
410
422
392
406
972
764
1333946
520
459
873
958
860
1072
466
792
2975
374
299
356
269
276
614
832
861
858
1092
1283340
910
940
799
733
813
759
789
785
778
1162
589
448
800
955
749
670
825
839
917
1289600
1339
1892
1022
805
717
702
899
750
829
786
1115
624
885
1016
733
968
667
560
798
1278720
469
1585
934
1189
891
560
750
1211
406
689
940
734
604
1421
291
795
1183
576
663
1297716
5219
987
993
859
920
880
795
813
630
693
1279
675
664
1488
283
876
1173
573
733
1303678
501
366
1106
918
878
791
862
1417
344
643
591
611
596
586
592
598
613
526
634
1286042
484
392
1094
799
1298
1017
592
870
781
621
3860
457
457
433
420
365
386
339
624
1388154
2412
6575
1212
456
861
994
946
711
748
595
972
2165
740
461
414
454
421
376
336
1283784
4242
632
478
895
858
995
889
858
792
747
789
749
1319
997
422
1212
803
760
652
1275137
1373
871
705
960
682
603
959
688
716
945
828
720
738
1123
951
935
651
726
759
1269155
817
1255
836
742
876
963
892
1515
1013
390
920
941
2623
381
273
1445
373
324
1002
1268334
2219
790
856
1267
555
758
508
1189
376
889
899
666
1486
1618
1108
645
494
336
318
1267720
1923
683
639
624
510
371
1091
590
510
611
633
629
360
1111
685
662
557
536
338
1310976
735
916
1136
567
646
592
558
556
381
816
1008
710
609
897
718
488
695
470
333
1334155
1926
1304
448
435
1076
390
414
723
641
655
614
574
584
627
578
625
702
566
694
1312642
456
416
390
667
620
841
596
804
983
476
424
772
943
380
1087
632
670
660
347
1283895
495
426
1295
400
324
930
958
993
444
823
764
341
855
851
668
362
1279
980
357
1296082
588
432
389
386
1029
442
419
1098
631
621
623
638
583
571
1090
717
685
522
334
1281905
2688
364
1120
1070
605
741
570
707
673
648
560
510
647
597
381
1052
416
1181
341
1284260
444
1674
1255
709
593
667
572
675
543
588
601
648
594
658
569
456
574
585
342
1298288
495
425
320
978
1173
690
419
795
1637
498
354
1494
424
573
292
717
944
1344
616
1351899
1038
419
1216
964
1082
805
754
773
646
789
1201
890
592
864
888
682
1016
815
591
1360670
587
505
844
780
806
1082
1054
404
949
884
613
782
1093
830
648
950
765
706
950
1374611
926
697
820
718
792
887
768
845
1384
682
872
761
898
704
948
786
753
1315
640
1385478
623
1689
1223
965
650
909
1228
613
735
835
797
1464
619
670
1185
757
676
965
889
1367057
2356
362
1413
1766
483
516
589
598
569
449
378
362
385
376
845
720
1045
906
269
1270402
384
1477
779
520
831
914
780
763
763
1158
737
443
817
3702
345
284
262
378
241
1271770
858
1180
648
1362
352
917
1774
308
609
943
879
592
706
1133
716
798
1259
616
541
1274438
288
5698
1304
478
2060
483
447
410
443
409
377
394
1340
534
1226
773
556
1069
343
1269612
1082
403
779
704
1078
941
347
1208
768
585
1708
321
728
4018
263
1134
500
354
276
1263900
670
1079
853
1178
853
361
822
1109
808
633
1085
796
602
932
875
585
812
1239
395
1273357
786
804
788
855
882
1938
424
362
2066
429
326
372
336
624
387
431
364
766
551
1302537
2139
911
1024
2148
431
436
362
380
414
338
674
1051
774
1162
717
728
1156
777
268
1278521
5143
3728
584
406
431
349
579
421
437
323
372
908
701
767
709
658
651
698
821
1279347
759
795
783
778
1263
1411
642
388
3687
522
414
426
409
403
434
397
370
325
1330
1308378
2394
917
1340
723
686
816
1152
731
665
718
736
926
1166
605
670
898
1171
778
785
1278469
1102
1079
1186
1120
903
738
1198
670
760
1244
932
753
881
1259
766
372
1197
689
688
1275775
888
1121
438
1043
951
964
351
876
1112
954
798
894
1417
444
633
424
1008
751
713
1295913
459
887
896
979
1029
363
844
1393
293
852
1204
621
810
1238
693
634
938
1055
835
1304521
1807
929
1317
915
909
752
895
592
713
897
796
1212
332
1032
730
779
2300
370
280
1292034
507
444
936
781
1348
1241
474
906
926
980
983
510
865
782
1047
757
745
841
872
1331754
405
346
914
728
824
1089
675
845
8060
302
287
288
377
242
239
491
677
475
341
1292592
616
859
865
1199
883
478
955
1291
431
1482
441
364
403
389
786
766
789
345
1086
1329303
2403
867
1499
1076
765
1381
1145
1462
712
663
895
665
824
1044
866
923
1250
629
785
1265455
2183
922
1178
710
758
889
954
392
1003
1272
925
1124
444
403
1092
664
815
1345
387
1279064
1083
814
876
859
1069
832
789
1180
1516
411
492
369
303
781
912
1031
725
1162
731
1270197
1077
360
953
854
894
1002
949
359
3989
579
487
363
413
402
343
369
498
282
485
1267385
450
4454
504
475
394
458
440
453
728
456
434
469
464
943
868
829
1047
416
837
1283934
7337
936
616
978
404
846
1235
925
490
1738
638
651
563
682
770
583
542
313
313
1276286
912
749
991
966
877
1012
1479
816
910
1170
5809
880
547
400
782
456
386
306
291
1278323
753
505
932
842
735
8895
441
395
415
399
426
401
477
403
377
422
397
364
273
1285860
1024
373
921
718
1001
717
652
1057
854
653
855
600
1238
713
796
1043
579
741
823
1285741
616
1599
418
1072
590
825
1270
705
630
1243
817
474
751
1248
428
373
697
1076
390
1295309
1734
3442
400
355
1154
1447
1375
1021
2383
536
1455
433
709
712
1089
2366
709
306
250
1335721
416
438
608
398
706
626
632
797
826
691
751
874
617
733
715
695
1296
661
559
1318325
516
342
750
677
694
849
979
695
613
794
758
692
653
723
671
747
738
642
677
1403514
1678
833
907
907
835
821
1029
866
858
785
965
866
806
1247
5065
416
348
374
315
1298670
519
412
424
569
402
651
685
772
683
765
632
1789
969
1000
799
740
926
973
745
1304842
463
472
434
428
422
377
330
776
802
348
883
723
585
364
621
317
691
553
545
1305048
492
593
400
374
354
672
483
350
701
332
658
344
649
359
699
336
714
343
536
1312651
517
439
362
312
1417
752
716
613
630
738
632
1709
955
871
621
614
893
603
665
1295107
546
3066
599
575
684
571
707
735
740
747
686
725
666
696
549
245
247
241
235
1415018
679
743
793
800
683
729
387
616
409
958
549
660
451
851
536
711
386
568
387
1515628
11140
534
1332
420
272
434
1091
288
9057
612
305
452
476
620
534
441
406
296
235
1481397
466
422
675
264
262
3027
266
553
393
759
954
710
604
674
1202
983
970
703
786
1474640
1413
420
908
804
725
4607
516
476
334
353
375
451
360
371
353
319
874
1060
572
1425689
7936
871
669
948
692
1065
672
1159
751
605
950
822
3750
497
632
522
251
239
241
1535600
9052
884
1481
787
736
984
469
473
365
436
358
746
823
1287
753
981
364
1070
578
1367432
464
702
887
685
807
848
876
744
823
1283
537
904
957
603
564
1337
672
564
793
1290189
3874
818
1005
1246
932
932
899
905
929
895
812
1284
656
717
754
1634
325
825
1177
1295270
1307
1301
1010
1634
905
1107
1397
809
827
1171
1486
952
899
852
622
806
818
1169
581
1288826
647
1167
868
1319
951
932
780
817
940
1140
820
646
875
930
704
1217
548
758
548
1318818
1373
469
801
921
1441
852
889
756
904
1409
1037
443
758
1269
602
715
1320
583
735
1298050
4943
550
1176
752
841
1473
522
452
846
842
820
794
1195
679
743
772
735
868
913
1297261
669
1260
410
330
3702
407
655
441
366
349
425
316
357
1296
419
1338
333
734
630
1288065
4731
741
1092
913
1214
1008
696
958
1082
814
782
828
656
904
1106
907
654
1108
564
1309934
1129
357
1047
1437
1408
498
793
907
1094
406
755
1380
354
1092
863
841
902
844
703
1336105
1319
427
1094
1525
1070
601
948
1599
519
716
766
1360
405
495
834
1310
495
421
336
1345061
4202
1185
447
851
895
972
734
634
851
1158
653
1276
880
703
4147
349
322
919
317
1311377
4009
1299
688
828
1114
693
603
1071
859
673
606
939
795
796
802
874
770
861
824
1307024
3235
906
470
417
835
451
829
791
699
848
875
667
579
624
571
628
584
520
625
1345700
409
2745
475
1118
858
356
1301
1496
380
337
3704
415
4397
445
591
327
1392
348
333
1318701
1176
716
812
1013
1384
354
1525
433
375
441
362
782
732
728
685
1583
342
926
651
1299374
421
738
380
689
637
365
640
734
346
689
597
550
759
931
1127
654
723
752
697
1313246
699
810
767
760
797
820
863
763
1217
922
434
1798
990
1863
493
423
1916
458
420
1316875
465
679
659
824
885
1094
1176
301
976
944
5359
262
287
254
600
296
1348
512
254
1311294
529
839
776
789
804
1006
1010
670
1388
340
1002
658
905
809
794
785
774
767
621
1309338
1074
340
726
928
843
1047
711
924
947
768
718
1194
349
1282
671
632
799
839
643
1301926
310
2288
345
996
1161
395
904
834
1080
787
763
1259
807
847
615
902
741
669
584
1298507
394
1449
1926
857
450
349
982
1013
414
764
917
1041
997
783
440
518
811
699
1035
1319353
785
443
882
362
1054
1053
434
699
356
682
595
549
807
711
620
584
572
697
817
1306726
687
812
870
757
774
1087
915
939
956
1063
697
673
1249
639
887
796
1035
1322
743
1319639
615
770
865
733
865
1120
627
869
848
896
818
736
1288
710
803
716
608
1057
1298
1297840
4752
1331
466
796
789
909
795
809
1223
841
377
316
620
622
557
3996
409
627
349
1301753
5099
459
1224
848
1410
531
395
751
879
711
710
785
912
866
24339
352
329
316
313
1291926
1057
407
973
955
837
964
1352
760
746
893
614
847
1382
878
936
906
452
1765
329
1314321
2212
795
1000
838
965
1615
920
724
858
1100
912
1306
3712
417
438
307
835
998
791
1300216
2071
818
835
818
743
796
707
742
774
746
987
782
789
866
774
729
760
722
810
1310777
705
643
845
794
782
1172
743
898
1298
649
663
672
1259
851
909
3406
455
426
331
1301667
3257
722
1131
1930
310
395
361
2138
408
368
324
378
517
270
348
311
468
875
839
1296435
466
908
1006
328
683
659
703
598
845
610
961
610
608
600
572
591
875
1015
771
1322688
6075
761
345
775
349
679
895
378
650
1396
929
367
854
1174
642
1499
380
923
843
1385505
399
1386
862
937
1132
586
706
1221
918
686
1112
993
675
727
1353
649
801
763
599
1308053
1889
5140
647
783
901
807
816
786
776
839
896
765
840
690
815
876
631
832
1060
1319863
632
587
980
735
1000
754
792
856
810
1339
342
960
1428
810
1009
430
2894
441
418
1300205
305
3024
1142
919
1116
1122
816
1380
871
725
4244
517
517
377
416
317
733
868
601
1299140
3074
794
750
1065
806
833
719
849
735
864
765
856
829
831
728
814
710
863
1077
1299806
3213
724
1124
849
794
1316
334
1570
1223
394
431
838
826
899
1094
3195
392
349
279
1292063
863
669
865
905
824
944
1498
714
693
1593
817
767
578
804
1229
741
820
576
757
1264656
18738
634
882
798
916
771
788
886
726
862
1104
807
797
805
880
766
717
966
701
1294965
429
710
920
799
1103
693
756
752
2129
1122
1720
1552
477
377
367
2156
534
353
348
1289886
Xput: 15687
